0.000000 0.000000 0.000000 0.000000
0.054181 0.879235 0.039481 0.886434
0.069768 1.824326 0.060111 1.859948
0.003415 2.875512 -0.030622 2.892725
-0.123130 4.021896 -0.178633 4.013714
-0.355562 5.248722 -0.409601 5.237881
-0.622388 6.586939 -0.681394 6.578077
-0.941959 8.041587 -1.018183 8.022018
-1.317954 9.607606 -1.394480 9.571680
-1.746028 11.261490 -1.859927 11.249449
-2.247333 13.001260 -2.416556 13.010226
-2.819369 14.841550 -3.032927 14.856313
-3.471584 16.794890 -3.720423 16.787582
-4.206227 18.801040 -4.464848 18.808825
-5.002325 20.924250 -5.279270 20.926891
-5.895726 23.141170 -6.172880 23.090250
-6.893668 25.384920 -7.176914 25.338322
-7.982190 27.688730 -8.277431 27.640945
-9.164411 30.059710 -9.472750 29.976280
-10.444260 32.492060 -10.787902 32.425274
-11.824940 34.996970 -12.209506 34.933105
-13.288260 37.616200 -13.663279 37.483681
-14.807970 40.343090 -15.219774 40.141445
-16.405480 43.114560 -16.858341 42.906910
-18.046730 45.856950 -18.552948 45.648876
-19.822820 48.550680 -20.313778 48.303062
-21.675070 51.158150 -22.157566 50.923714
-23.560100 53.734170 -24.067825 53.533669
-25.494780 56.313420 -26.009434 56.094521
-27.482530 58.864650 -27.990051 58.613808
-29.541190 61.360910 -30.048946 61.125343
-31.678300 63.840490 -32.183170 63.617668
-33.902360 66.293940 -34.387463 66.035667
-36.250580 68.681990 -36.704678 68.461189
-38.692550 71.052560 -39.133827 70.877762
-41.192840 73.405700 -41.642838 73.239548
-43.783840 75.735640 -44.230259 75.602028
-46.432290 78.051270 -46.872574 77.901451
-49.152200 80.361270 -49.600471 80.231049
-51.940820 82.646680 -52.395847 82.521782
-54.848670 84.861880 -55.301369 84.732124
-57.859180 86.983730 -58.350784 86.865967
-60.964150 89.027210 -61.457371 88.911354
-64.171330 90.959490 -64.696274 90.890900
-67.486660 92.809380 -67.885529 92.703003
-70.858280 94.583360 -71.285721 94.507080
-74.262510 96.288110 -74.681000 96.228722
-77.676110 97.939670 -78.135017 97.912071
-81.063060 99.532950 -81.546440 99.522736
-84.370760 101.062700 -84.892792 101.086327
-87.620370 102.509100 -88.165443 102.570999
-90.786320 103.874400 -91.333359 103.998566
-93.870530 105.255700 -94.430618 105.423340
-96.881570 106.709600 -97.427528 106.887222
-99.805830 108.239800 -100.352348 108.439949
-102.636000 109.900200 -103.191399 110.079941
-105.378400 111.659200 -105.889206 111.800186
-107.976000 113.472300 -108.473175 113.623672
-110.447900 115.333000 -110.914436 115.482552
-112.784900 117.225600 -113.240105 117.396774
-115.015000 119.132700 -115.431625 119.359795
-117.123400 121.056800 -117.500671 121.316727
-119.078900 122.948300 -119.454979 123.279999
-120.895600 124.857100 -121.269249 125.231796
-122.564000 126.793900 -122.940224 127.204865
-124.115200 128.784700 -124.493477 129.242996
-125.556900 130.848800 -125.946747 131.359177
-126.900700 132.986400 -127.299759 133.521408
-128.166200 135.162700 -128.590958 135.760773
-129.390300 137.438800 -129.822174 138.052643
-130.624700 139.816800 -131.047974 140.437164
-131.850200 142.307900 -132.272141 142.945740
-133.053900 144.928800 -133.482864 145.616180
-134.221100 147.696700 -134.636078 148.386932
-135.286000 150.585100 -135.742020 151.351273
-136.188200 153.654800 -136.689728 154.460342
-136.902400 156.885700 -137.437881 157.697281
-137.414500 160.267800 -137.977219 161.117126
-137.716200 163.797200 -138.328247 164.678146
-137.811800 167.451700 -138.447647 168.339676
-137.693100 171.190300 -138.356750 172.163742
-137.342300 175.019300 -138.028320 176.070862
-136.764600 178.911300 -137.474106 180.039062
-135.961700 182.879700 -136.695328 184.084595
-134.921000 186.887900 -135.660538 188.175842
-133.676900 190.927900 -134.409943 192.304916
-132.176400 194.967500 -132.900330 196.416489
-130.412100 198.974000 -131.160233 200.485107
-128.325000 202.907800 -129.049866 204.481506
-125.879600 206.683600 -126.595474 208.306305
-123.115600 210.265500 -123.806168 211.954330
-120.072500 213.663000 -120.713051 215.451996
-116.797700 216.867700 -117.359825 218.746674
-113.326600 219.882100 -113.836731 221.825104
-109.741800 222.621900 -110.158493 224.657547
-106.071200 225.055100 -106.422798 227.126511
-102.330300 227.163100 -102.590446 229.307571
-98.549080 228.934800 -98.736801 231.100677
-94.765260 230.393600 -94.870087 232.572662
-91.040120 231.572900 -91.058258 233.776093
-87.356360 232.508500 -87.269424 234.724960
-83.712820 233.198800 -83.550552 235.457397
-80.131800 233.665300 -79.885345 235.941040
-76.597140 233.928600 -76.270218 236.207062
-73.221710 234.047000 -72.787888 236.339874
-69.951170 234.094200 -69.416275 236.384659
-66.744420 234.089700 -66.146332 236.407364
-63.631270 234.073000 -62.968906 236.404938
-60.588190 234.080900 -59.860809 236.408310
-57.589970 234.129900 -56.801571 236.480896
-54.631270 234.221300 -53.824181 236.577560
-51.691800 234.380800 -50.846542 236.765747
-48.789980 234.600500 -47.930374 236.980103
-45.914730 234.880700 -45.045799 237.277924
-43.056600 235.221400 -42.208687 237.628250
-40.226560 235.615000 -39.369125 238.021118
-37.436510 236.072300 -36.607925 238.476593
-34.671830 236.602900 -33.824833 239.008347
-31.872100 237.159200 -31.014782 239.565033
-29.030010 237.739000 -28.185951 240.141083
-26.164210 238.361200 -25.317646 240.764206
-23.288400 239.014600 -22.452881 241.440002
-20.420150 239.737800 -19.642254 242.189804
-17.585900 240.557900 -16.807026 243.013367
-14.787740 241.484300 -14.037556 243.956039
-12.027780 242.497800 -11.299820 244.951752
-9.297034 243.589800 -8.558205 246.042526
-6.615868 244.741000 -5.893219 247.194061
-4.000885 245.950200 -3.280159 248.401367
-1.445171 247.223500 -0.738541 249.682617
1.045353 248.560800 1.784241 251.019272
3.471952 249.950800 4.228004 252.415680
5.864994 251.410300 6.606697 253.867966
8.235125 252.947800 9.029793 255.384827
10.583690 254.573100 11.445755 256.923187
12.953340 256.177400 13.840393 258.460541
15.346400 257.781100 16.246826 260.028656
17.751050 259.400400 18.674561 261.628998
20.188860 261.030300 21.117096 263.238770
22.647720 262.666800 23.559319 264.856171
25.099450 264.305600 25.999550 266.485718
27.525840 265.954500 28.425117 268.134674
29.936290 267.631700 30.817581 269.821106
32.286150 269.360900 33.165405 271.554993
34.606160 271.143700 35.463837 273.342957
36.885170 273.027100 37.706833 275.213074
39.097050 274.998500 39.905907 277.197021
41.290800 277.096800 42.069344 279.265778
43.439250 279.297300 44.194916 281.462982
45.513250 281.622300 46.250008 283.762634
47.514220 284.070700 48.245682 286.192993
49.431830 286.626800 50.149208 288.726624
51.294100 289.273800 51.995232 291.359863
53.101300 292.012400 53.809021 294.105591
54.875230 294.809700 55.582756 296.897034
56.646400 297.643200 57.371696 299.736633
58.445530 300.513000 59.195778 302.632751
60.252450 303.405100 61.019279 305.514374
62.043860 306.330600 62.803566 308.436615
63.761150 309.296200 64.522636 311.413330
65.349920 312.311900 66.115417 314.415253
66.806830 315.364200 67.575844 317.476807
68.116080 318.458200 68.871651 320.559021
69.296620 321.579600 70.071182 323.687256
70.444270 324.701500 71.236984 326.822388
71.544490 327.823300 72.348473 329.969482
72.579080 330.962600 73.383804 333.109192
73.537630 334.109900 74.348732 336.277863
74.456800 337.228300 75.276718 339.399200
75.339380 340.280400 76.184250 342.483856
76.286690 343.179300 77.167175 345.406921
77.264140 345.918700 78.158432 348.169220
78.217100 348.599200 79.142616 350.855865
79.076510 351.282300 80.019104 353.505463
79.788430 353.970700 80.763298 356.190796
80.289200 356.680100 81.271324 358.873871
80.544210 359.422600 81.560318 361.611725
80.553950 362.181700 81.585167 364.329803
80.325300 364.950100 81.391022 367.080109
79.948290 367.764600 81.029358 369.891937
79.552930 370.623900 80.662704 372.769409
79.189870 373.576200 80.322693 375.734772
78.847720 376.617400 79.991135 378.787598
78.487220 379.779100 79.649979 381.964508
78.109220 383.024900 79.303558 385.229919
77.724340 386.331700 78.939774 388.564331
77.303670 389.673500 78.540276 391.929321
76.785710 392.998500 78.050293 395.267792
76.164260 396.307900 77.448341 398.609589
75.453110 399.563900 76.745583 401.894196
74.687820 402.778100 75.996468 405.122986
73.880590 405.959600 75.212769 408.318573
73.001560 409.140100 74.346550 411.519897
72.077030 412.325000 73.429123 414.743988
71.142260 415.518400 72.518692 417.969635
70.199490 418.732600 71.592720 421.183838
69.226500 421.954700 70.641754 424.408630
68.236100 425.167200 69.669289 427.657867
67.260820 428.363600 68.706345 430.882721
66.313240 431.552600 67.757568 434.113159
65.391740 434.718000 66.837044 437.306183
64.501670 437.856900 65.948326 440.450195
63.634920 440.951000 65.085770 443.588776
62.789470 444.005700 64.240669 446.666565
61.956690 447.015700 63.406700 449.682526
61.133480 449.961200 62.583496 452.658417
60.318620 452.867200 61.769974 455.574280
59.499520 455.718100 60.964020 458.421814
58.682170 458.529200 60.147888 461.242584
57.867160 461.298900 59.382576 464.027222
57.054660 464.035200 58.585236 466.765198
56.243590 466.731100 57.795944 469.458435
55.443060 469.359000 57.005989 472.101624
54.686220 471.907600 56.282249 474.662903
53.957650 474.335100 55.581306 477.102325
53.256730 476.667000 54.903557 479.454590
52.582380 478.963700 54.257057 481.754242
51.956500 481.261900 53.642258 484.099091
51.412610 483.574200 53.109703 486.448395
51.013880 485.899300 52.738960 488.805573
50.812910 488.248800 52.546627 491.184631
50.798080 490.609700 52.558411 493.566498
50.978710 492.984500 52.756317 495.953278
51.345270 495.367500 53.166965 498.345917
51.889050 497.738400 53.690956 500.756134
52.577300 500.130400 54.397194 503.199860
53.407230 502.515400 55.251595 505.577148
54.397040 504.884900 56.256577 508.010498
55.518570 507.215000 57.403885 510.350494
56.765020 509.509300 58.655319 512.655579
58.192020 511.730400 60.105820 514.915222
59.789040 513.824000 61.724594 517.018005
61.540430 515.752700 63.499451 518.951294
63.410000 517.523000 65.379608 520.736389
65.397890 519.217300 67.373077 522.421814
67.496690 520.814600 69.481064 524.013123
69.720640 522.307200 71.769058 525.533447
72.067650 523.642400 74.132553 526.852661
74.549290 524.809100 76.629547 528.009460
77.153850 525.815200 79.294220 529.036682
79.881990 526.633100 82.081360 529.861084
82.715440 527.211700 84.951508 530.439453
85.640790 527.586200 87.948090 530.827637
88.644290 527.748500 91.000626 531.000793
91.710620 527.693700 94.122086 530.942322
94.811790 527.411800 97.275360 530.643066
97.935300 526.886500 100.435989 530.102844
101.063100 526.157900 103.650238 529.357056
104.194600 525.225000 106.804855 528.391541
107.305700 524.079000 109.946754 527.223083
110.385400 522.743600 113.036835 525.866943
113.459600 521.282300 116.118469 524.380310
116.567100 519.769500 119.238716 522.840698
119.739300 518.237200 122.380722 521.310181
122.982300 516.640600 125.568588 519.730103
126.165500 515.061000 128.804901 518.094543
129.459200 513.419400 132.063599 516.465027
132.785400 511.739500 135.386169 514.755432
136.164500 510.030300 138.756317 513.037415
139.600200 508.311400 142.126938 511.318787
143.109700 506.548700 145.622681 509.536316
146.672500 504.761300 149.162354 507.740051
150.295000 502.937800 152.773544 505.887299
153.967100 501.081900 156.442993 504.019623
157.696200 499.214100 160.132812 502.129089
161.457700 497.333800 163.870590 500.233704
165.216700 495.416600 167.595490 498.305908
168.984800 493.501000 171.354462 496.388794
172.746400 491.586700 175.113251 494.441925
176.518000 489.688800 178.877457 492.535767
180.295200 487.819900 182.657227 490.660950
184.036700 485.970500 186.371674 488.836792
187.779200 484.135700 190.111725 486.972473
191.500200 482.306500 193.829239 485.133728
195.180200 480.469600 197.510086 483.280579
198.815300 478.621300 201.140488 481.404114
202.393600 476.753100 204.720551 479.534821
205.912000 474.880400 208.266571 477.637543
209.296500 473.041000 211.654480 475.784485
212.515400 471.274700 214.897812 474.004883
215.580600 469.586600 218.001678 472.288177
218.489200 468.019000 220.932663 470.699066
221.328300 466.599200 223.788071 469.273590
224.156800 465.368500 226.617844 468.037048
226.991800 464.316200 229.477524 466.976715
229.883500 463.424700 232.422852 466.078308
232.820800 462.731300 235.389038 465.387238
235.780100 462.243300 238.361603 464.893494
238.782200 461.945800 241.388519 464.568451
241.848400 461.905600 244.456665 464.505371
244.967900 462.147500 247.517151 464.753357
248.086200 462.682300 250.636185 465.261444
251.186900 463.495800 253.709534 466.061340
254.278000 464.580100 256.774414 467.100220
257.287900 465.915200 259.774292 468.423157
260.242000 467.523100 262.686218 469.998718
263.106900 469.351100 265.534515 471.803955
265.866100 471.381400 268.341156 473.837189
268.559300 473.556000 271.059753 476.006775
271.204400 475.840000 273.729736 478.287781
273.819900 478.206700 276.327606 480.625244
276.385100 480.590800 278.889587 482.981262
278.915500 482.977100 281.466431 485.377686
281.390900 485.346800 284.000244 487.732483
283.809500 487.633100 286.447968 489.998779
286.165500 489.759700 288.834229 492.131287
288.479300 491.699500 291.196472 494.081421
290.753400 493.425200 293.504089 495.810791
292.943900 494.909400 295.726624 497.300781
295.050000 496.208200 297.854584 498.611755
297.157600 497.295500 300.011108 499.723297
299.275300 498.080400 302.153473 500.508881
301.409300 498.552800 304.332764 501.022552
303.638500 498.806300 306.571014 501.281494
305.825500 498.755800 308.810303 501.220642
307.969500 498.413400 311.012207 500.899780
310.082700 497.866400 313.172852 500.367401
312.168500 497.169500 315.312317 499.673279
314.242500 496.345000 317.418427 498.870483
316.287200 495.404000 319.563141 497.947968
318.242200 494.293900 321.524078 496.841339
320.067800 492.959300 323.373413 495.514679
321.691800 491.422900 325.021576 493.975708
323.027900 489.679600 326.431458 492.266388
324.128000 487.907400 327.604065 490.470581
325.083100 486.074100 328.579956 488.572632
325.901600 484.156200 329.407135 486.586334
326.541500 482.161200 330.030609 484.521698
326.975000 480.110600 330.454346 482.427643
327.199900 477.981300 330.677673 480.259613
327.207600 475.816100 330.691010 478.059357
326.987100 473.574900 330.469757 475.805145
326.612600 471.312500 330.075317 473.469696
326.101700 468.984300 329.566406 471.113892
325.485000 466.584700 328.943909 468.672638
324.770900 464.117300 328.238708 466.163605
324.015300 461.568800 327.496460 463.592438
323.241500 458.937100 326.726746 460.962860
322.428100 456.221600 325.906677 458.235718
321.582200 453.438700 325.068787 455.477417
320.700500 450.590200 324.195923 452.629669
319.803300 447.709400 323.312592 449.780243
318.882300 444.812700 322.387177 446.905579
317.933600 441.902000 321.439331 443.988464
317.026500 438.982700 320.524719 441.091980
316.159500 436.052700 319.652710 438.187683
315.357400 433.104800 318.840576 435.251587
314.633500 430.138600 318.090027 432.283813
314.023700 427.174800 317.464722 429.335510
313.546100 424.188800 316.995667 426.346313
313.186000 421.191700 316.631348 423.368225
312.967300 418.184200 316.419495 420.389435
312.864500 415.179900 316.317627 417.389465
312.872600 412.155500 316.320374 414.382050
312.990400 409.162100 316.420959 411.394928
313.203500 406.159400 316.638977 408.412537
313.520300 403.163500 316.955261 405.396942
313.923800 400.189100 317.350891 402.405487
314.410500 397.252500 317.835022 399.467896
314.957200 394.350700 318.338409 396.571442
315.563700 391.486400 318.931580 393.718689
316.210700 388.682600 319.576721 390.895355
316.875600 385.969600 320.248566 388.180359
317.575400 383.411700 320.944275 385.630981
318.278300 381.082600 321.654999 383.300598
318.940600 378.964700 322.311401 381.166351
319.536100 376.960800 322.937744 379.160522
320.051600 374.976800 323.520142 377.182159
320.455200 373.030400 323.993652 375.219360
320.667900 371.083600 324.237701 373.277679
320.639300 369.178900 324.239349 371.357330
320.367200 367.308200 324.017609 369.491089
319.812200 365.451900 323.507141 367.629211
318.977600 363.612500 322.729736 365.815002
317.917200 361.899400 321.695007 364.107117
316.653200 360.259800 320.465393 362.474396
315.183100 358.649300 319.009857 360.874115
313.573000 357.006500 317.431824 359.235413
311.803000 355.325900 315.669189 357.553894
309.911600 353.572300 313.795563 355.800323
307.954100 351.681100 311.854004 353.906647
305.918800 349.709900 309.831543 351.941345
303.815100 347.660800 307.741730 349.883911
301.671400 345.530600 305.624359 347.757538
299.493500 343.321800 303.466278 345.592682
297.311600 341.063800 301.282745 343.355255
295.144200 338.750800 299.090485 341.050293
293.010900 336.383800 296.980408 338.725159
290.937000 333.945100 294.907837 336.331665
288.991700 331.405200 292.933777 333.804810
287.170900 328.759000 291.100555 331.171173
285.462000 326.045600 289.354065 328.495697
283.830800 323.246400 287.687958 325.681976
282.268800 320.363300 286.114044 322.807312
280.755300 317.391500 284.589722 319.847961
279.273700 314.371200 283.083008 316.851807
277.774600 311.308900 281.578979 313.803436
276.264200 308.193000 280.059204 310.679871
274.757100 305.022400 278.543457 307.538330
273.207400 301.793600 277.003204 304.309387
271.619600 298.531900 275.442413 301.058929
270.024400 295.205700 273.879333 297.767822
268.363800 291.836000 272.226746 294.410828
266.611600 288.477200 270.483490 291.091187
264.727500 285.132100 268.602966 287.788513
262.759200 281.800100 266.586060 284.423248
260.701700 278.471600 264.514160 281.113831
258.620500 275.176300 262.398163 277.798492
256.506400 271.837700 260.252960 274.477875
254.344100 268.488000 258.085541 271.121521
252.173900 265.097000 255.920166 267.757935
249.944700 261.678700 253.731232 264.398529
247.696800 258.253900 251.483139 260.980164
245.448300 254.808000 249.217239 257.560242
243.193400 251.334600 246.947601 254.096436
240.896500 247.824500 244.653580 250.616394
238.556700 244.277400 242.345734 247.104263
236.174700 240.690700 239.998550 243.544830
233.763000 237.091500 237.641510 239.992126
231.332800 233.457600 235.274231 236.398468
228.838300 229.808000 232.862488 232.804138
226.342900 226.169100 230.404007 229.217041
223.818800 222.533800 227.906250 225.631393
221.285700 218.901400 225.426666 222.052414
218.752300 215.265000 222.938461 218.475571
216.249600 211.634900 220.470032 214.885193
213.762100 207.997700 217.991211 211.252335
211.316800 204.351400 215.583160 207.630798
208.893800 200.676600 213.161880 203.981445
206.508300 196.989800 210.766785 200.318451
204.177700 193.291200 208.425018 196.637161
201.927600 189.547700 206.177307 192.884583
199.739900 185.759300 203.983185 189.078888
197.634000 181.950500 201.891907 185.268204
195.568100 178.118500 199.836395 181.407578
193.561400 174.281900 197.820633 177.569489
191.624100 170.408300 195.866760 173.706116
189.716900 166.527700 193.931839 169.812714
187.815500 162.621800 192.009872 165.940613
185.959300 158.681600 190.127396 162.000534
184.094000 154.737900 188.230255 158.073318
182.239600 150.794500 186.364868 154.166763
180.398400 146.846200 184.510040 150.221039
178.592100 142.900000 182.643463 146.266296
176.795000 138.933400 180.825867 142.352295
174.974500 134.967700 179.012314 138.426331
173.137100 131.051800 177.135574 134.518784
171.221700 127.194200 175.174362 130.664749
169.204100 123.403700 173.117172 126.865585
167.059300 119.698200 170.940857 123.165413
164.778800 116.075700 168.643677 119.578430
162.368900 112.524900 166.220428 116.081657
159.842700 109.067300 163.685837 112.681664
157.243500 105.701500 161.031311 109.325294
154.586000 102.373400 158.324844 106.019516
151.852400 99.075390 155.573395 102.760941
149.065100 95.812170 152.778336 99.522888
146.211000 92.589950 149.916916 96.317680
143.290400 89.438890 146.980576 93.174255
140.313900 86.318510 143.970200 90.060707
137.315300 83.188540 140.904556 86.948837
134.309400 80.022690 137.908707 83.837570
131.293700 76.854850 134.901031 80.724625
128.257000 73.680270 131.891159 77.575775
125.224000 70.510050 128.870972 74.420334
122.171600 67.325860 125.818039 71.261246
119.104200 64.151150 122.750313 68.106552
116.003700 60.986180 119.634964 64.975899
112.861400 57.817240 116.474930 61.843681
109.667300 54.647940 113.299301 58.721542
106.494700 51.468900 110.105965 55.573826
103.294400 48.292970 106.889992 52.446804
100.126400 45.132480 103.711502 49.325935
96.950460 41.977160 100.493340 46.180851
93.739320 38.803750 97.290459 43.073914
90.567830 35.632100 94.112305 39.937988
87.415790 32.458970 90.961456 36.813705
84.260040 29.295850 87.825592 33.689030
81.123540 26.129440 84.687263 30.543064
77.992680 22.957970 81.569138 27.400042
74.890600 19.774830 78.503311 24.285429
71.780370 16.590360 75.428726 21.136768
68.630430 13.396510 72.337578 18.004768
65.471800 10.205970 69.246429 14.860703
62.314330 7.007367 66.185776 11.737377
59.206170 3.808043 63.099346 8.564367
56.091860 0.584754 59.991119 5.371778
53.008120 -2.625659 56.902763 2.181963
49.955730 -5.822352 53.866348 -0.958763
46.935070 -9.021045 50.875904 -4.082338
43.893000 -12.216550 47.884029 -7.152952
40.929340 -15.293680 44.984657 -10.151276
38.089530 -18.317430 42.177544 -13.136507
35.418750 -21.291630 39.462662 -16.115158
32.866820 -24.157290 36.885471 -18.961697
30.511610 -26.943030 34.463902 -21.721712
28.282770 -29.552800 32.216824 -24.314171
26.270910 -31.981160 30.145311 -26.749065
24.406470 -34.119140 28.220346 -28.890232
22.621160 -35.934900 26.409626 -30.705500
20.883450 -37.415600 24.660048 -32.177582
19.174900 -38.513760 22.937906 -33.299606
17.516050 -39.260550 21.263048 -34.030979
15.838890 -39.714580 19.558884 -34.511570
14.191360 -39.829780 17.893476 -34.698734
12.634270 -39.672360 16.282412 -34.565926
11.172310 -39.260550 14.757320 -34.156166
9.789695 -38.629800 13.327380 -33.535244
8.497673 -37.738490 11.986932 -32.603622
7.308945 -36.616890 10.792085 -31.450253
6.256320 -35.282630 9.791275 -30.054108
5.377697 -33.729560 8.917341 -28.434685
4.666734 -31.994970 8.261636 -26.666632
4.118069 -30.087400 7.746750 -24.710020
3.675026 -28.058910 7.331413 -22.637239
3.306982 -25.913550 6.993965 -20.436768
2.950683 -23.671670 6.673737 -18.125162
2.589654 -21.354230 6.327587 -15.743915
2.235350 -18.941910 5.980844 -13.239858
1.883217 -16.438970 5.662185 -10.675393
1.539703 -13.883430 5.336693 -8.052586
1.229057 -11.374200 5.021469 -5.460877
0.914029 -8.934948 4.744859 -2.979480
0.572467 -6.591425 4.429217 -0.612073
0.172462 -4.328516 4.088043 1.687857
-0.233814 -2.148095 3.760338 3.891635
-0.652500 -0.027237 3.393911 6.050148
-1.128803 2.027763 2.990270 8.130985
-1.682534 4.091749 2.534336 10.207683
-2.326851 6.156888 1.990736 12.278257
-3.006582 8.222648 1.374251 14.363895
