0.000000 0.000000 0.000000 0.000000
-0.041803 3.575628 0.000436 3.648975
-0.083626 7.152769 0.020757 7.296001
-0.125431 10.728320 0.016637 10.900846
-0.167141 14.303480 0.013404 14.503937
-0.208176 17.881040 -0.010719 18.076576
-0.253156 21.464680 -0.054106 21.662081
-0.307115 25.046840 -0.088861 25.236523
-0.367798 28.637120 -0.137690 28.819225
-0.435716 32.231930 -0.185762 32.372101
-0.509819 35.812560 -0.239367 35.974888
-0.590462 39.405490 -0.309630 39.576870
-0.675668 42.995920 -0.375487 43.105385
-0.761728 46.596120 -0.463994 46.751186
-0.822002 50.203480 -0.498527 50.432121
-0.875378 53.811250 -0.532691 54.021206
-0.933231 57.427770 -0.549423 57.622494
-1.006715 61.042090 -0.583431 61.222965
-1.078473 64.647550 -0.621189 64.813271
-1.157680 68.241070 -0.668420 68.392654
-1.243226 71.816000 -0.730808 71.949089
-1.310252 75.365540 -0.780634 75.470749
-1.337950 78.894600 -0.791457 78.927277
-1.335651 82.399130 -0.770154 82.410431
-1.292993 85.876960 -0.708694 85.860985
-1.216671 89.333360 -0.606012 89.319717
-1.101750 92.791290 -0.470442 92.763641
-0.953966 96.255380 -0.298495 96.233910
-0.782045 99.739680 -0.094948 99.730797
-0.607718 103.278800 0.102933 103.297028
-0.448327 106.867200 0.274653 106.878769
-0.329075 110.491600 0.419778 110.515213
-0.253779 114.142500 0.518163 114.163765
-0.232571 117.811600 0.563405 117.871086
-0.256232 121.501300 0.567332 121.592865
-0.297015 125.224100 0.552695 125.327934
-0.353204 128.969900 0.537043 129.096817
-0.397623 132.733500 0.530579 132.863022
-0.443887 136.522600 0.516123 136.682190
-0.490815 140.330600 0.500876 140.520004
-0.550146 144.153000 0.479277 144.372864
-0.601569 147.961100 0.469982 148.186111
-0.649286 151.756200 0.474135 151.998199
-0.703475 155.553300 0.464360 155.802872
-0.758140 159.342200 0.452555 159.602203
-0.821014 163.126200 0.443544 163.399811
-0.891591 166.914300 0.420939 167.213638
-0.968255 170.704700 0.375756 171.049820
-1.053647 174.498300 0.334702 174.867889
-1.140940 178.289100 0.271987 178.639145
-1.220912 182.072200 0.236250 182.414307
-1.311919 185.843100 0.178969 186.190140
-1.400872 189.585600 0.127116 189.935150
-1.482347 193.303500 0.081059 193.671738
-1.543340 196.981600 0.044622 197.356247
-1.593225 200.619200 0.028710 201.027695
-1.629855 204.203300 0.015553 204.637131
-1.655974 207.709400 0.017201 208.178482
-1.680916 211.093700 0.020142 211.567490
-1.717659 214.345300 0.022730 214.840378
-1.758097 217.485400 0.025221 218.011185
-1.820190 220.495000 -0.002526 221.041092
-1.900504 223.322800 -0.057958 223.895340
-1.999321 225.946200 -0.131099 226.533951
-2.113952 228.382000 -0.230550 228.987823
-2.215172 230.657700 -0.313845 231.289856
-2.309140 232.838300 -0.388227 233.491394
-2.389577 234.991500 -0.443750 235.660568
-2.458270 237.111600 -0.482601 237.785065
-2.501543 239.199900 -0.521017 239.891251
-2.528203 241.263900 -0.513745 241.968903
-2.543393 243.355900 -0.506215 244.077911
-2.546619 245.471500 -0.484643 246.202972
-2.542056 247.635900 -0.439270 248.365372
-2.540944 249.857300 -0.408350 250.573517
-2.529475 252.145000 -0.366142 252.870010
-2.522827 254.510700 -0.329300 255.245743
-2.495854 256.929600 -0.264737 257.679443
-2.426274 259.429500 -0.155725 260.203064
-2.347909 261.939800 -0.045306 262.720673
-2.249292 264.463100 0.096371 265.262909
-2.120601 266.988600 0.257597 267.821472
-1.972336 269.529300 0.439062 270.363342
-1.829452 272.089100 0.608448 272.943298
-1.700845 274.651100 0.775841 275.542786
-1.585579 277.203700 0.919290 278.105438
-1.489305 279.735400 1.044665 280.645935
-1.431895 282.203100 1.135184 283.117920
-1.411252 284.555300 1.178026 285.478516
-1.423417 286.744000 1.197131 287.667450
-1.477649 288.751100 1.162613 289.679901
-1.597157 290.628100 1.069347 291.557770
-1.834488 292.379000 0.855091 293.308960
-2.209538 293.998100 0.504837 294.921295
-2.739392 295.466700 -0.004318 296.382019
-3.425572 296.782800 -0.637268 297.653320
-4.268559 297.943900 -1.464172 298.799622
-5.270323 298.869400 -2.425598 299.729858
-6.404391 299.609200 -3.540558 300.410431
-7.620091 300.061900 -4.698723 300.877930
-8.849753 300.287300 -5.882210 301.135986
-10.136050 300.271200 -7.162109 301.158051
-11.487940 299.994100 -8.496510 300.908539
-12.859800 299.433800 -9.819290 300.376221
-14.212510 298.521900 -11.213753 299.523865
-15.569170 297.360100 -12.586090 298.357910
-16.903920 295.876600 -13.912155 296.881775
-18.123430 294.046700 -15.150406 295.046417
-19.213810 291.862500 -16.252312 292.858215
-20.129220 289.390500 -17.153328 290.394012
-20.811550 286.620800 -17.797695 287.645355
-21.226910 283.593100 -18.215557 284.618256
-21.383580 280.311200 -18.396524 281.352997
-21.289760 276.829500 -18.299896 277.846832
-21.001900 273.207500 -18.029419 274.166687
-20.665910 269.427900 -17.687046 270.338501
-20.345860 265.509700 -17.368429 266.382751
-20.070850 261.517300 -17.097782 262.363403
-19.855300 257.511300 -16.893843 258.326050
-19.703440 253.474600 -16.767084 254.271011
-19.613680 249.416200 -16.688688 250.197083
-19.551340 245.338200 -16.648705 246.118393
-19.513830 241.222400 -16.623682 241.987457
-19.480990 237.073200 -16.594963 237.840195
-19.430400 232.892800 -16.553289 233.637863
-19.355550 228.687700 -16.482128 229.421051
-19.288210 224.454100 -16.428463 225.182449
-19.214900 220.186300 -16.364941 220.891602
-19.140510 215.891500 -16.303801 216.583542
-19.053200 211.570300 -16.255604 212.252838
-18.960210 207.218600 -16.194958 207.882736
-18.864760 202.831800 -16.123148 203.487991
-18.780810 198.440400 -16.073351 199.083527
-18.697180 194.055600 -16.026493 194.681015
-18.628490 189.691500 -15.995905 190.298325
-18.576860 185.352500 -15.974417 185.943726
-18.533400 181.031600 -15.950324 181.622482
-18.510720 176.750700 -15.966498 177.324127
-18.518290 172.537500 -16.004929 173.079865
-18.551690 168.447100 -16.039858 168.923630
-18.605030 164.539000 -16.118670 164.993134
-18.662110 160.837100 -16.203842 161.286957
-18.717150 157.359800 -16.272263 157.777359
-18.762310 154.117300 -16.325714 154.552216
-18.804370 151.111100 -16.382912 151.522385
-18.837660 148.339300 -16.430815 148.743668
-18.862790 145.753800 -16.480133 146.134323
-18.886270 143.302400 -16.509892 143.675644
-18.908720 140.992900 -16.556469 141.346909
-18.926770 138.765400 -16.594345 139.089569
-18.954640 136.621400 -16.638138 136.904510
-18.979110 134.516900 -16.680313 134.773926
-19.003890 132.428600 -16.725121 132.669769
-19.011690 130.377400 -16.737179 130.577347
-19.029680 128.286700 -16.774879 128.449738
-19.040930 126.090400 -16.806833 126.230499
-19.033980 123.792800 -16.814478 123.931381
-19.007880 121.337200 -16.801710 121.448601
-18.962360 118.740400 -16.772829 118.820747
-18.881640 115.984300 -16.707733 116.060905
-18.762610 113.072100 -16.589594 113.159454
-18.592730 110.010400 -16.441196 110.069084
-18.389740 106.796500 -16.249693 106.867043
-18.187250 103.411100 -16.050156 103.475960
-17.972000 99.881710 -15.856871 99.936462
-17.753740 96.208550 -15.662802 96.231819
-17.543660 92.393230 -15.482498 92.395035
-17.350650 88.454130 -15.312658 88.428154
-17.188340 84.351710 -15.170473 84.368263
-17.048280 80.126460 -15.052642 80.154945
-16.938900 75.757520 -14.984202 75.910896
-16.844870 71.334520 -15.175660 71.243637
-16.779170 66.924620 -14.982233 67.530502
-16.723740 62.522540 -14.918200 62.883129
-16.677280 58.118530 -14.975731 58.222649
-16.622860 53.735190 -14.876879 53.803486
-16.554460 49.366830 -14.977404 49.544254
-16.478250 45.013820 -14.910413 45.190681
-16.401830 40.697890 -14.734894 40.920090
-16.332450 36.396840 -14.734259 36.576893
-16.264000 32.124710 -14.673577 32.302101
-16.212760 27.867600 -14.643259 28.013968
-16.153630 23.646100 -14.602587 23.788214
-16.100440 19.472550 -14.565876 19.548847
-16.057300 15.332990 -14.552156 15.394457
-15.999870 11.221520 -14.524573 11.308169
-15.957640 7.122797 -14.504011 7.196938
-15.925900 3.038918 -14.504926 3.111977
-15.871210 -1.063172 -14.488112 -1.044215
-15.823200 -5.192326 -14.470952 -5.195588
-15.773900 -9.357139 -14.460628 -9.379183
-15.722330 -13.547460 -14.432242 -13.576406
-15.675190 -17.764350 -14.402981 -17.784302
-15.629860 -22.003930 -14.382066 -22.021034
-15.590270 -26.267830 -14.353880 -26.309641
-15.536760 -30.547830 -14.325936 -30.589228
-15.493260 -34.819990 -14.290824 -34.895962
-15.444100 -39.082170 -14.246731 -39.169209
-15.392450 -43.322590 -14.225665 -43.412861
-15.337830 -47.537950 -14.186365 -47.631390
-15.276960 -51.748500 -14.132130 -51.837017
-15.217710 -55.949500 -14.091547 -56.028175
-15.170080 -60.150690 -14.073670 -60.233177
-15.128010 -64.350760 -14.047386 -64.440056
-15.091410 -68.538780 -14.043558 -68.655602
-15.064380 -72.708390 -14.033517 -72.818253
-15.030840 -76.856420 -14.020395 -76.965172
-14.979300 -80.953600 -13.976092 -81.006981
-14.924670 -85.034950 -13.940551 -85.074654
-14.873980 -89.070400 -13.906174 -89.109047
-14.824260 -93.076720 -13.887840 -93.131378
-14.787030 -97.045510 -13.866770 -97.108643
-14.758540 -100.983800 -13.871596 -101.077538
-14.739600 -104.892000 -13.860410 -104.914513
-14.728240 -108.762900 -13.887953 -108.870934
-14.724790 -112.605400 -13.903576 -112.665817
-14.717800 -116.411100 -13.924170 -116.474602
-14.709830 -120.173400 -13.941008 -120.225006
-14.700540 -123.867100 -13.954523 -123.894554
-14.698520 -127.485200 -13.986279 -127.498581
-14.712330 -131.008900 -14.025456 -131.021149
-14.733340 -134.417400 -14.066412 -134.424850
-14.752330 -137.654200 -14.088329 -137.651154
-14.773570 -140.676300 -14.138186 -140.724533
-14.808450 -143.452200 -14.189853 -143.584167
-14.818770 -145.963300 -14.229947 -146.129196
-14.688160 -148.224500 -14.114944 -148.382217
-14.364200 -150.225000 -13.814087 -150.365173
-13.833420 -151.950400 -13.317215 -152.042938
-13.082430 -153.424000 -12.597431 -153.459290
-12.093300 -154.666400 -11.661003 -154.638153
-10.901070 -155.630100 -10.546448 -155.553558
-9.567123 -156.277800 -9.315582 -156.180023
-8.174402 -156.635100 -7.891277 -156.485382
-6.734167 -156.651000 -6.566379 -156.534744
-5.261917 -156.393600 -5.131771 -156.333160
-3.838336 -155.807800 -3.725544 -155.782806
-2.480572 -154.890600 -2.386330 -154.915527
-1.268487 -153.640100 -1.146271 -153.717514
-0.226137 -152.060600 -0.302803 -152.175491
0.552355 -150.216600 0.449085 -150.431305
1.048250 -148.112500 0.945545 -148.347412
1.348496 -145.760400 1.193804 -146.214508
1.463451 -143.197700 1.296696 -143.680969
1.471319 -140.450900 1.307300 -140.932953
1.499366 -137.518100 1.330473 -138.004227
1.504501 -134.421900 1.335932 -134.863785
1.498560 -131.160300 1.339891 -131.572922
1.470024 -127.744100 1.314102 -128.121628
1.436723 -124.185000 1.283606 -124.524971
1.413177 -120.491700 1.266425 -120.797516
1.405768 -116.657200 1.260299 -116.914642
1.385028 -112.695000 1.236034 -112.880745
1.330549 -108.592800 1.193525 -108.779839
1.259616 -104.367900 1.127674 -104.559219
1.170075 -100.007600 1.046947 -100.142998
1.089274 -95.515710 0.966397 -95.614090
1.009148 -90.982260 0.905941 -91.081306
0.939998 -86.466900 0.847849 -86.529877
0.883448 -81.949500 0.794824 -82.009445
0.838174 -77.439600 0.761922 -77.489532
0.800315 -72.936360 0.721859 -72.979706
0.745043 -68.462600 0.659325 -68.469780
0.694630 -64.005150 0.608806 -64.028625
0.637038 -59.575570 0.557476 -59.552010
0.557118 -55.160600 0.501325 -55.122353
0.456132 -50.778540 0.401192 -50.722210
0.362164 -46.417970 0.321724 -46.346355
0.280628 -42.079120 0.239592 -41.979237
0.202969 -37.762520 0.172530 -37.636448
0.132669 -33.463810 0.113872 -33.298317
0.084829 -29.193990 0.062378 -29.001070
0.052569 -24.947680 0.033389 -24.713238
0.032329 -20.738440 0.026211 -20.482658
0.025161 -16.550260 0.025404 -16.302628
0.021588 -12.403820 0.033239 -12.189861
-0.000537 -8.285137 0.035061 -8.150177
-0.031141 -4.183286 0.022432 -4.091260
-0.072897 -0.090700 0.000462 -0.046960
-0.117565 3.988036 -0.023571 4.091086
-0.160177 8.059835 -0.036335 8.219489
-0.208154 12.123170 -0.064110 12.345698
-0.248220 16.180930 -0.083045 16.419031
-0.283357 20.233300 -0.108662 20.469906
-0.323376 24.273080 -0.140724 24.539734
-0.367457 28.293060 -0.164248 28.561186
-0.413998 32.282480 -0.200468 32.547321
-0.451537 36.243360 -0.206530 36.512306
-0.483912 40.173770 -0.212079 40.460468
-0.534623 44.076020 -0.260306 44.277466
-0.599992 47.961110 -0.305488 48.190376
-0.674006 51.810410 -0.350958 52.050938
-0.762477 55.629480 -0.412689 55.871872
-0.859787 59.434080 -0.470406 59.646759
-0.962179 63.207400 -0.526607 63.386444
-1.068654 66.953700 -0.606570 67.117424
-1.188155 70.668750 -0.688787 70.828697
-1.293464 74.341090 -0.771478 74.483185
-1.359396 77.886940 -0.827126 77.952553
-1.402951 81.267680 -0.857760 81.277977
-1.402636 84.557510 -0.837982 84.553734
-1.391329 87.836530 -0.802029 87.822525
-1.372397 91.075680 -0.759495 91.046631
-1.348852 94.282140 -0.710528 94.256828
-1.346362 97.452060 -0.677319 97.436577
-1.397412 100.636400 -0.698228 100.636230
-1.507808 103.868200 -0.764568 103.892403
-1.686244 107.147500 -0.924349 107.182671
-1.855701 110.482100 -1.061652 110.539604
-1.949092 113.881100 -1.128529 113.936752
-1.940135 117.341400 -1.083950 117.432175
-1.833080 120.865900 -0.937078 120.994240
-1.665951 124.465900 -0.734057 124.590858
-1.454190 128.142800 -0.494128 128.290131
-1.212752 131.910500 -0.232750 132.088577
-0.998254 135.780800 0.026760 135.973175
-0.860070 139.749100 0.193541 139.951920
-0.808213 143.817500 0.294345 144.061569
-0.818199 147.962100 0.320644 148.231339
-0.863698 152.201700 0.317355 152.451263
-0.925229 156.508200 0.299749 156.774963
-1.007339 160.831700 0.267625 161.119171
-1.112662 165.144700 0.194317 165.455231
-1.225583 169.454500 0.119708 169.796768
-1.333194 173.746700 0.052315 174.130569
-1.427528 178.011200 -0.005522 178.388199
-1.498241 182.250200 -0.033049 182.617188
-1.559212 186.455600 -0.050881 186.826172
-1.603074 190.634400 -0.051123 191.013275
-1.633867 194.776400 -0.036836 195.178345
-1.669867 198.889600 -0.033137 199.296738
-1.705984 202.969800 -0.032118 203.412048
-1.737778 207.012200 -0.037549 207.508072
-1.768399 211.025100 -0.039710 211.534485
-1.802728 214.966700 -0.029030 215.510574
-1.842513 218.742600 -0.026670 219.318817
-1.895168 222.285200 -0.077357 222.894791
-1.971966 225.567200 -0.127474 226.186325
-2.073778 228.574200 -0.228588 229.206161
-2.174190 231.286800 -0.305165 231.944702
-2.280068 233.718900 -0.392240 234.393555
-2.372559 236.037200 -0.460262 236.721634
-2.421540 238.338400 -0.485806 239.043900
-2.457471 240.613800 -0.495536 241.334946
-2.477940 242.858500 -0.484829 243.599777
-2.487604 245.075200 -0.448430 245.823212
-2.497272 247.315700 -0.414865 248.067108
-2.506486 249.599100 -0.387027 250.350830
-2.503453 251.921600 -0.345498 252.668839
-2.498934 254.303700 -0.306761 255.063934
-2.475778 256.706800 -0.255635 257.491028
-2.418788 259.175900 -0.167793 259.968628
-2.357178 261.687800 -0.079804 262.494781
-2.278446 264.282700 0.020981 265.106506
-2.181048 266.960400 0.160743 267.815155
-2.072995 269.711700 0.288491 270.581573
-1.977183 272.515600 0.411261 273.409790
-1.903306 275.322000 0.525404 276.246277
-1.860171 278.121700 0.608207 279.055817
-1.834878 280.906700 0.674571 281.862579
-1.820378 283.662600 0.728714 284.620544
-1.821293 286.355900 0.760996 287.314758
-1.835812 288.890500 0.781953 289.860443
-1.843827 291.365700 0.800151 292.333038
-1.840209 293.812200 0.826496 294.773041
-1.823832 296.231700 0.877459 297.187225
-1.812035 298.624300 0.906518 299.558258
