0.000000 0.000000 0.000000 0.000000
-0.017534 0.283467 -0.026039 0.285379
-0.060000 0.627936 -0.084406 0.625980
-0.141534 1.081913 -0.176043 1.075598
-0.293459 1.604140 -0.338417 1.572051
-0.522492 2.173020 -0.580412 2.137109
-0.839493 2.758285 -0.875199 2.683057
-1.242764 3.333105 -1.232891 3.209697
-1.761568 3.880703 -1.711189 3.731723
-2.415527 4.382391 -2.339363 4.243578
-3.215512 4.824434 -3.119505 4.681185
-4.177130 5.153468 -4.056428 5.004834
-5.299329 5.360943 -5.130970 5.219202
-6.558994 5.427674 -6.368593 5.278086
-7.950411 5.389282 -7.753375 5.232832
-9.480377 5.263869 -9.269972 5.108027
-11.152740 5.088360 -10.939539 4.929439
-12.964270 4.901812 -12.756639 4.736447
-14.913410 4.697363 -14.731300 4.525089
-17.004780 4.494630 -16.830402 4.317344
-19.224270 4.290984 -19.053902 4.098069
-21.564480 4.100217 -21.407707 3.892609
-23.969500 3.908970 -23.803802 3.686142
-26.461360 3.716343 -26.287470 3.469162
-28.997620 3.492898 -28.809788 3.242786
-31.515860 3.271990 -31.323854 3.015763
-34.026260 3.051261 -33.822712 2.788023
-36.533450 2.843137 -36.307438 2.569152
-39.049180 2.638855 -38.818066 2.358194
-41.538400 2.436154 -41.277988 2.138440
-44.015190 2.223683 -43.732391 1.918758
-46.483350 2.028253 -46.198143 1.703798
-48.933140 1.820295 -48.626152 1.481351
-51.328710 1.575304 -50.982853 1.238464
-53.701960 1.337479 -53.344284 0.984630
-56.038080 1.110756 -55.683300 0.741673
-58.330390 0.883063 -57.963619 0.508576
-60.536580 0.662366 -60.167267 0.276043
-62.620220 0.461718 -62.241035 0.068960
-64.570470 0.320188 -64.195824 -0.074896
-66.375630 0.255567 -65.987274 -0.153777
-67.990520 0.345560 -67.630630 -0.065982
-69.403760 0.611089 -69.027664 0.173303
-70.681710 1.080744 -70.235252 0.586529
-71.814190 1.753829 -71.402702 1.244669
-72.810710 2.601772 -72.440987 2.061172
-73.659320 3.554385 -73.330414 3.041206
-74.401710 4.718510 -74.063583 4.198063
-75.018160 6.110247 -74.707085 5.621414
-75.539300 7.706095 -75.220383 7.228813
-75.980690 9.486418 -75.661087 9.016998
-76.379030 11.414990 -76.072266 10.978704
-76.702710 13.494070 -76.404434 13.063402
-76.964630 15.687850 -76.686691 15.270064
-77.198810 17.993590 -76.924957 17.567505
-77.402440 20.301510 -77.139664 19.883915
-77.573400 22.614340 -77.327873 22.204451
-77.734200 24.898110 -77.502441 24.463617
-77.908780 27.180670 -77.672798 26.750422
-78.064690 29.440670 -77.826836 29.021591
-78.198100 31.701300 -77.958069 31.279938
-78.346240 34.000930 -78.097015 33.593437
-78.507180 36.347540 -78.248436 35.955799
-78.700400 38.735230 -78.434471 38.318581
-78.895930 41.194680 -78.630852 40.769871
-79.100340 43.724740 -78.838127 43.296978
-79.318630 46.299200 -79.043968 45.868866
-79.508610 48.902070 -79.226746 48.475933
-79.697420 51.529450 -79.401985 51.103691
-79.900390 54.113500 -79.586708 53.704514
-80.092730 56.670630 -79.756195 56.265755
-80.280860 59.213100 -79.929634 58.826557
-80.474010 61.695670 -80.116516 61.309536
-80.696040 64.136290 -80.330994 63.758057
-80.945180 66.559290 -80.589676 66.159676
-81.219160 68.948800 -80.849419 68.562660
-81.542260 71.291910 -81.158478 70.902298
-81.910890 73.584740 -81.497299 73.210503
-82.326990 75.851980 -81.865173 75.489983
-82.765640 78.069230 -82.282677 77.709274
-83.284090 80.280970 -82.767044 79.900185
-83.856430 82.430700 -83.342842 82.041969
-84.492780 84.584160 -83.982559 84.204338
-85.212300 86.715560 -84.716431 86.326065
-85.996320 88.820790 -85.492599 88.422783
-86.860390 90.918090 -86.346130 90.535172
-87.802500 93.003510 -87.270691 92.636841
-88.749010 95.068170 -88.175957 94.726387
-89.747960 97.163510 -89.150314 96.798149
-90.774930 99.219550 -90.184029 98.897148
-91.840000 101.277400 -91.225533 100.968132
-92.914780 103.296100 -92.276917 102.997070
-94.015070 105.267400 -93.366112 104.984329
-95.123350 107.187800 -94.435898 106.912933
-96.223200 109.067700 -95.492767 108.795616
-97.263380 110.813500 -96.514885 110.557266
-98.241750 112.423300 -97.471779 112.170212
-99.124850 113.865700 -98.348648 113.619186
-99.918840 115.113700 -99.141022 114.878334
-100.633200 116.204600 -99.828529 115.975861
-101.305600 117.126600 -100.489700 116.877724
-101.873900 117.899200 -101.034081 117.668701
-102.405300 118.508600 -101.538490 118.289093
-102.901800 118.981600 -102.006065 118.766632
-103.418300 119.366800 -102.490562 119.127243
-103.954800 119.734800 -102.997215 119.516808
-104.533600 120.029100 -103.545883 119.829483
-105.136200 120.256600 -104.086700 120.007965
-105.801600 120.452000 -104.727409 120.227386
-106.640800 120.599400 -105.526146 120.398933
-107.630100 120.643400 -106.435066 120.425705
-108.711300 120.530800 -107.484856 120.318947
-109.893600 120.252600 -108.685608 120.064781
-111.159800 119.776100 -109.957535 119.604828
-112.496700 119.062200 -111.302315 118.893669
-113.898700 118.106700 -112.664833 117.986755
-115.384500 116.988900 -114.170044 116.876190
-116.978000 115.737300 -115.752487 115.656067
-118.659900 114.366200 -117.446487 114.288544
-120.438900 112.893300 -119.228561 112.839104
-122.328200 111.322200 -121.138443 111.290733
-124.284900 109.650200 -123.144234 109.638199
-126.332000 107.913600 -125.214859 107.916656
-128.461900 106.101400 -127.395920 106.104279
-130.662300 104.214900 -129.619949 104.229584
-132.923400 102.303500 -131.892746 102.325401
-135.189200 100.390400 -134.160629 100.418831
-137.468500 98.469440 -136.439545 98.518387
-139.748000 96.546090 -138.711029 96.616943
-142.020800 94.620440 -140.960312 94.715027
-144.286200 92.690670 -143.187180 92.807785
-146.547500 90.774040 -145.419159 90.894806
-148.833300 88.871460 -147.691391 88.996803
-151.113400 86.978090 -149.940598 87.135910
-153.379000 85.085390 -152.193130 85.253899
-155.629200 83.206150 -154.431076 83.396477
-157.861400 81.326710 -156.659302 81.520355
-160.058500 79.464550 -158.851898 79.682968
-162.221300 77.608580 -161.031082 77.836533
-164.376700 75.774280 -163.180756 76.018196
-166.524800 73.967130 -165.310852 74.231033
-168.668400 72.191080 -167.433655 72.470932
-170.783100 70.468000 -169.516724 70.753532
-172.829900 68.807490 -171.552673 69.075851
-174.785600 67.216050 -173.467560 67.489143
-176.663800 65.684200 -175.338974 65.943947
-178.444800 64.197390 -177.118164 64.475037
-180.100300 62.765190 -178.807526 63.076691
-181.648600 61.419590 -180.386017 61.757179
-183.088500 60.110320 -181.851608 60.471264
-184.404500 58.801210 -183.149963 59.205227
-185.549500 57.458340 -184.309982 57.876606
-186.455000 56.066080 -185.206802 56.519558
-187.120600 54.647590 -185.860031 55.165283
-187.525600 53.213090 -186.256424 53.810032
-187.748500 51.772320 -186.509598 52.411579
-187.716500 50.330420 -186.495499 50.967487
-187.519800 48.954720 -186.325211 49.578850
-187.091900 47.667580 -185.922028 48.357388
-186.478200 46.430560 -185.344254 47.111122
-185.743700 45.217520 -184.613846 45.944267
-184.898100 44.044150 -183.766205 44.771637
-183.968900 42.858990 -182.833511 43.583496
-182.972800 41.628580 -181.844696 42.346390
-181.887200 40.344680 -180.770569 41.049194
-180.726700 38.951790 -179.635956 39.656258
-179.492700 37.459110 -178.407730 38.160828
-178.162100 35.849180 -177.090454 36.545044
-176.710600 34.142700 -175.653931 34.811295
-175.171800 32.296660 -174.135941 32.948700
-173.559000 30.363270 -172.551788 30.993996
-171.867000 28.346750 -170.880753 28.952377
-170.123400 26.259270 -169.180084 26.847069
-168.337100 24.097840 -167.405945 24.673965
-166.581500 21.908660 -165.650574 22.488495
-164.835100 19.714670 -163.883820 20.298187
-163.104500 17.573870 -162.154053 18.142952
-161.377300 15.429150 -160.427811 15.987991
-159.682200 13.303470 -158.727173 13.845703
-158.088000 11.153610 -157.119385 11.697166
-156.652500 8.940913 -155.671890 9.464050
-155.433700 6.640524 -154.434692 7.136086
-154.451100 4.275819 -153.435806 4.749451
-153.690900 1.836084 -152.657211 2.307701
-153.116700 -0.684920 -152.086990 -0.245592
-152.659200 -3.301845 -151.638000 -2.867640
-152.323800 -6.003442 -151.310211 -5.557603
-152.034900 -8.818435 -151.043167 -8.335512
-151.705400 -11.696490 -150.731461 -11.198028
-151.368100 -14.689410 -150.407196 -14.204971
-151.018300 -17.760610 -150.080383 -17.272062
-150.658400 -20.884570 -149.740173 -20.399033
-150.317300 -24.039630 -149.413895 -23.542746
-149.995500 -27.198720 -149.104523 -26.704239
-149.688200 -30.326210 -148.810379 -29.834608
-149.392500 -33.448800 -148.514130 -32.944679
-149.124700 -36.525700 -148.256348 -36.019184
-148.881400 -39.588890 -148.022171 -39.074165
-148.663600 -42.621440 -147.826630 -42.113209
-148.444100 -45.622170 -147.634186 -45.121891
-148.225800 -48.590750 -147.457169 -48.095356
-148.013500 -51.538440 -147.275604 -51.054783
-147.797700 -54.448530 -147.085709 -53.995884
-147.579700 -57.330200 -146.883240 -56.868496
-147.341500 -60.171640 -146.651367 -59.698338
-147.099100 -62.956470 -146.420563 -62.490593
-146.873600 -65.641890 -146.212540 -65.172867
-146.684200 -68.188960 -146.053726 -67.724045
-146.575000 -70.550950 -145.969910 -70.100586
-146.515200 -72.689370 -145.942566 -72.253342
-146.496000 -74.588600 -145.957550 -74.159683
-146.520100 -76.249210 -145.998459 -75.808296
-146.562400 -77.644470 -146.029816 -77.220261
-146.614700 -78.752900 -146.079544 -78.363525
-146.644400 -79.571930 -146.084381 -79.185150
-146.661300 -80.195760 -146.080734 -79.841087
-146.655800 -80.746170 -146.070343 -80.403168
-146.626400 -81.202170 -146.047302 -80.881165
-146.606400 -81.580050 -146.029068 -81.272385
-146.554400 -81.887990 -146.030869 -81.553192
-146.509800 -82.072680 -145.994476 -81.741638
-146.481300 -82.147900 -145.986664 -81.820534
-146.467500 -82.144490 -145.973907 -81.819153
-146.474300 -82.148460 -145.976898 -81.826813
-146.483700 -82.145920 -145.982162 -81.824509
-146.487400 -82.144780 -145.987808 -81.823853
-146.492900 -82.150980 -145.985931 -81.822861
-146.495200 -82.155360 -145.987930 -81.825470
-146.494300 -82.156570 -145.980713 -81.822403
-146.487800 -82.148430 -145.988190 -81.829315
-146.487300 -82.140910 -145.985657 -81.825493
-146.486500 -82.135050 -145.982666 -81.827744
-146.488100 -82.132520 -145.984756 -81.823669
-146.489000 -82.133460 -145.987289 -81.820030
-146.484700 -82.133480 -145.984085 -81.825142
-146.484900 -82.133510 -145.973419 -81.831917
-146.480100 -82.133670 -145.982605 -81.828606
-146.472100 -82.131890 -145.983032 -81.825607
-146.477500 -82.133220 -145.986526 -81.827904
-146.525000 -82.162010 -145.989456 -81.826797
-146.565900 -82.217300 -145.973984 -81.845657
-146.590600 -82.310130 -145.934479 -81.920097
-146.581800 -82.426170 -145.885498 -82.007050
-146.551800 -82.574220 -145.841705 -82.133118
-146.475900 -82.778480 -145.751572 -82.322517
-146.351300 -83.116710 -145.604324 -82.647774
-146.156300 -83.574440 -145.395264 -83.059181
-145.879500 -84.106160 -145.129471 -83.557571
-145.491300 -84.682600 -144.753815 -84.121384
-144.895700 -85.318510 -144.266678 -84.684113
-144.077500 -86.065360 -143.460327 -85.455780
-142.947400 -86.840620 -142.292511 -86.248871
-141.509200 -87.543350 -140.813965 -86.945847
-139.798500 -88.087580 -139.063766 -87.484848
-137.828100 -88.433330 -137.081421 -87.811203
-135.614800 -88.607530 -134.848969 -87.969139
-133.180100 -88.696560 -132.402817 -88.032295
-130.552000 -88.680490 -129.768539 -87.982193
-127.723900 -88.575690 -126.929855 -87.848953
-124.683500 -88.464330 -123.910950 -87.704086
-121.460200 -88.294280 -120.692177 -87.533768
-118.086600 -88.040550 -117.307381 -87.299370
-114.579400 -87.745070 -113.811981 -87.006645
-110.975100 -87.438680 -110.222778 -86.710678
-107.385700 -87.146760 -106.655525 -86.437950
-103.821100 -86.859660 -103.088715 -86.165154
-100.261700 -86.572000 -99.534737 -85.904930
-96.736140 -86.293870 -95.991119 -85.652702
-93.228880 -86.017520 -92.464470 -85.393410
-89.760830 -85.757500 -89.009926 -85.149338
-86.314280 -85.511300 -85.558395 -84.916092
-82.904810 -85.266650 -82.143097 -84.676186
-79.525840 -84.982830 -78.765755 -84.397728
-76.174850 -84.684980 -75.391251 -84.103409
-72.849640 -84.375480 -72.045189 -83.786171
-69.556400 -84.051650 -68.743141 -83.460510
-66.269780 -83.744240 -65.462051 -83.168571
-62.988460 -83.463860 -62.190201 -82.887993
-59.725320 -83.192290 -58.944427 -82.640099
-56.511930 -82.928720 -55.716034 -82.403252
-53.287950 -82.677770 -52.489971 -82.188454
-50.102380 -82.423820 -49.282955 -81.961990
-46.961330 -82.161740 -46.104984 -81.714081
-43.795000 -81.913070 -42.917610 -81.493690
-40.605850 -81.669580 -39.742905 -81.266449
-37.446990 -81.429200 -36.638580 -81.009346
-34.324130 -81.178460 -33.511086 -80.779427
-31.234230 -80.938930 -30.388395 -80.547714
-28.164850 -80.719500 -27.313709 -80.313721
-25.130870 -80.512870 -24.245031 -80.096382
-22.128140 -80.313820 -21.242809 -79.888176
-19.203440 -80.118030 -18.331802 -79.680855
-16.439970 -79.929640 -15.548151 -79.500702
-13.862420 -79.730950 -12.953682 -79.327812
-11.471000 -79.505250 -10.564989 -79.113136
-9.267307 -79.258710 -8.359668 -78.880775
-7.272311 -78.940490 -6.365888 -78.594009
-5.472914 -78.549550 -4.585274 -78.219818
-3.867830 -78.086270 -2.985270 -77.763107
-2.385605 -77.503960 -1.490915 -77.197113
-1.027851 -76.800120 -0.213013 -76.580841
0.166806 -75.911920 0.951454 -75.748062
1.182030 -74.883010 1.954323 -74.794998
1.977241 -73.709730 2.776379 -73.614662
2.625592 -72.432540 3.391424 -72.347435
3.046312 -71.053430 3.801125 -70.982155
3.332790 -69.610070 4.081479 -69.570686
3.505748 -68.096830 4.244563 -68.076294
3.623078 -66.505600 4.357187 -66.489304
3.673887 -64.790020 4.408202 -64.782539
3.664022 -62.925430 4.396680 -62.915558
3.591227 -60.915700 4.324441 -60.917515
3.485568 -58.760380 4.217986 -58.759781
3.375737 -56.493750 4.097260 -56.466686
3.243097 -54.203520 3.948691 -54.172241
3.069795 -51.907210 3.804324 -51.901722
2.871709 -49.612280 3.611006 -49.595554
2.690256 -47.318710 3.430940 -47.314888
2.514617 -45.039680 3.239479 -45.037064
2.336487 -42.787040 3.063048 -42.784756
2.176053 -40.574230 2.884520 -40.546333
2.023801 -38.441270 2.728308 -38.410282
1.895520 -36.414710 2.587154 -36.375233
1.766675 -34.458180 2.448054 -34.421188
1.645582 -32.544470 2.316262 -32.500561
1.524724 -30.674470 2.180075 -30.619949
1.412389 -28.840280 2.042165 -28.782187
1.305986 -27.028700 1.910133 -26.975683
1.191105 -25.239530 1.770551 -25.184277
1.067365 -23.476920 1.616561 -23.406240
0.934574 -21.765460 1.454697 -21.699722
0.802905 -20.140230 1.308180 -20.085741
0.699503 -18.615910 1.182152 -18.567251
0.601767 -17.196320 1.067333 -17.152100
0.507341 -15.885810 0.972715 -15.839689
0.417035 -14.726660 0.878148 -14.676746
0.351258 -13.760620 0.806022 -13.705447
0.299516 -12.930350 0.748596 -12.867748
0.263868 -12.153000 0.696819 -12.092624
0.238575 -11.391050 0.643076 -11.329600
0.198165 -10.644890 0.590160 -10.579021
0.151201 -9.907869 0.529418 -9.846278
0.091011 -9.183499 0.436773 -9.124020
0.016860 -8.476707 0.343894 -8.424672
-0.070862 -7.778389 0.241585 -7.734219
-0.158415 -7.094030 0.148574 -7.040690
-0.234301 -6.412690 0.079661 -6.366625
-0.307917 -5.742297 0.020479 -5.685531
-0.360353 -5.068979 -0.044193 -5.024192
-0.401589 -4.328040 -0.089846 -4.294136
-0.431289 -3.483170 -0.140830 -3.442829
-0.464543 -2.555900 -0.178552 -2.514323
-0.487938 -1.556277 -0.210806 -1.501475
-0.499710 -0.485171 -0.245887 -0.430127
-0.511556 0.679747 -0.289158 0.727911
-0.388368 1.890361 -0.254225 1.914249
-0.387786 3.050660 -0.309796 3.033115
-0.473375 4.175334 -0.437035 4.129128
-0.669462 5.262875 -0.682333 5.196309
-0.929674 6.291946 -0.954913 6.177273
-1.229340 7.289411 -1.263896 7.161469
-1.438607 8.249384 -1.491591 8.124206
-1.565470 8.946937 -1.623634 8.831842
-1.615795 9.324632 -1.678308 9.216600
-1.635852 9.404838 -1.692720 9.297912
-1.640332 9.376167 -1.687954 9.277224
-1.643540 9.371050 -1.689955 9.278757
