0 0.000056 0.005819 100.000000 5.780347
0 0.000054 0.005014 200.000000 6.369427
0 0.000033 0.004350 300.000000 6.726458
0 0.000026 0.002551 400.000000 6.908463
0 0.000006 0.002286 500.000000 6.297229
0 0.000012 0.001654 600.000000 6.741573
10 0.000067 0.005506 100.000000 6.097561
10 0.000035 0.005597 200.000000 6.451613
10 0.000031 0.004609 300.000000 6.849315
10 0.000027 0.002719 400.000000 7.017544
10 0.000007 0.002311 500.000000 6.369427
10 0.000014 0.001617 600.000000 6.802721
20 0.000069 0.004312 100.000000 6.369427
20 0.000023 0.005627 200.000000 6.493506
20 0.000027 0.004707 300.000000 6.960557
20 0.000025 0.002806 400.000000 7.117438
20 0.000009 0.002242 500.000000 6.435007
20 0.000014 0.001665 600.000000 6.857143
30 0.000127 0.002441 100.000000 6.622517
30 0.000047 0.007848 200.000000 6.535948
30 0.000032 0.006572 300.000000 7.042253
30 0.000025 0.003972 400.000000 7.207207
30 0.000018 0.002503 500.000000 6.501951
30 0.000015 0.000974 600.000000 6.888634
40 0.000148 0.001738 100.000000 6.849315
40 0.000041 0.006776 200.000000 6.578948
40 0.000030 0.006447 300.000000 7.075472
40 0.000021 0.004043 400.000000 7.299270
40 0.000020 0.002501 500.000000 6.561680
40 0.000014 0.000827 600.000000 6.912442
50 0.000151 0.002479 100.000000 7.042253
50 0.000047 0.005408 200.000000 6.600660
50 0.000029 0.005031 300.000000 7.058824
50 0.000015 0.003658 400.000000 7.366483
50 0.000020 0.002360 500.000000 6.605020
50 0.000015 0.001034 600.000000 6.896552
60 0.000149 0.002682 100.000000 7.092198
60 0.000052 0.005036 200.000000 6.622517
60 0.000036 0.005348 300.000000 6.993007
60 0.000013 0.003693 400.000000 7.407407
60 0.000020 0.002379 500.000000 6.640106
60 0.000014 0.001053 600.000000 6.880734
70 0.000158 0.002510 100.000000 7.142857
70 0.000069 0.005118 200.000000 6.644518
70 0.000036 0.005500 300.000000 6.944445
70 0.000016 0.003603 400.000000 7.421150
70 0.000021 0.002351 500.000000 6.666667
70 0.000014 0.000929 600.000000 6.872852
80 0.000173 0.002425 100.000000 7.142857
80 0.000071 0.004795 200.000000 6.688963
80 0.000040 0.005308 300.000000 6.928406
80 0.000017 0.003780 400.000000 7.434944
80 0.000022 0.002389 500.000000 6.684492
80 0.000016 0.000872 600.000000 6.864988
90 0.000166 0.002301 100.000000 7.142857
90 0.000062 0.004776 200.000000 6.711410
90 0.000036 0.005057 300.000000 6.944445
90 0.000018 0.003704 400.000000 7.434944
90 0.000021 0.002228 500.000000 6.711410
90 0.000017 0.000848 600.000000 6.857143
100 0.000150 0.002981 100.000000 7.092198
100 0.000060 0.005455 200.000000 6.756757
100 0.000031 0.005319 300.000000 6.960557
100 0.000021 0.003747 400.000000 7.299270
100 0.000024 0.002016 500.000000 6.729475
100 0.000017 0.000696 600.000000 6.833713
110 0.000160 0.002850 100.000000 7.092198
110 0.000056 0.005524 200.000000 6.802721
110 0.000030 0.005082 300.000000 6.993007
110 0.000014 0.003260 400.000000 6.220840
110 0.000021 0.001977 500.000000 6.756757
110 0.000017 0.000705 600.000000 6.810442
120 0.000148 0.002661 100.000000 7.142857
120 0.000052 0.005030 200.000000 6.872852
120 0.000023 0.004673 300.000000 7.025761
120 0.000021 0.003145 400.000000 6.211180
120 0.000021 0.002025 500.000000 6.793478
120 0.000015 0.000898 600.000000 6.779661
130 0.000112 0.004288 100.000000 7.352941
130 0.000025 0.003286 200.000000 6.993007
130 0.000016 0.004056 300.000000 7.092198
130 0.000030 0.003221 400.000000 6.250000
130 0.000020 0.002877 500.000000 6.839945
130 0.000012 0.001645 600.000000 6.726458
140 0.000033 0.009099 100.000000 7.575758
140 0.000031 0.002945 200.000000 7.142857
140 0.000040 0.003111 300.000000 7.177033
140 0.000038 0.004205 400.000000 6.299212
140 0.000026 0.004216 500.000000 6.896552
140 0.000013 0.002379 600.000000 6.666667
150 0.000033 0.005420 100.000000 7.751938
150 0.000031 0.003017 200.000000 7.246377
150 0.000038 0.003164 300.000000 7.263923
150 0.000029 0.003950 400.000000 6.339144
150 0.000021 0.003701 500.000000 6.934813
150 0.000006 0.001905 600.000000 6.593407
160 0.000066 0.002766 100.000000 7.692307
160 0.000046 0.004125 200.000000 7.299270
160 0.000038 0.003310 300.000000 7.317073
160 0.000020 0.003767 400.000000 6.379585
160 0.000018 0.003256 500.000000 6.963789
160 0.000006 0.001390 600.000000 6.535948
170 0.000078 0.005082 100.000000 7.142857
170 0.000054 0.004824 200.000000 7.272727
170 0.000045 0.003545 300.000000 7.352941
170 0.000017 0.003892 400.000000 6.420546
170 0.000020 0.003080 500.000000 6.963789
180 0.000070 0.005498 100.000000 6.369427
180 0.000043 0.004644 200.000000 7.220217
180 0.000045 0.003711 300.000000 7.407407
180 0.000015 0.003926 400.000000 6.451613
180 0.000014 0.003079 500.000000 6.925208
190 0.000092 0.004729 100.000000 6.172840
190 0.000050 0.004702 200.000000 7.067138
190 0.000047 0.004221 300.000000 7.444169
190 0.000016 0.004367 400.000000 6.493506
190 0.000020 0.003249 500.000000 6.868132
200 0.000085 0.004747 100.000000 6.134969
200 0.000030 0.004943 200.000000 6.872852
200 0.000047 0.004213 300.000000 7.481297
200 0.000015 0.004449 400.000000 6.514658
200 0.000016 0.003096 500.000000 6.821282
210 0.000101 0.003818 100.000000 6.172840
210 0.000029 0.004954 200.000000 6.802721
210 0.000049 0.004482 300.000000 7.500000
210 0.000016 0.004651 400.000000 6.546645
210 0.000019 0.003204 500.000000 6.802721
220 0.000103 0.004102 100.000000 6.211180
220 0.000034 0.005029 200.000000 6.802721
220 0.000053 0.005367 300.000000 7.518797
220 0.000020 0.005338 400.000000 6.568144
220 0.000018 0.003493 500.000000 6.793478
230 0.000090 0.005106 100.000000 6.289308
230 0.000034 0.004951 200.000000 6.825939
230 0.000052 0.005039 300.000000 7.518797
230 0.000020 0.005199 400.000000 6.600660
230 0.000015 0.003309 500.000000 6.784261
240 0.000073 0.005529 100.000000 6.410256
240 0.000040 0.004934 200.000000 6.872852
240 0.000051 0.004783 300.000000 7.334963
240 0.000020 0.004932 400.000000 6.633499
240 0.000011 0.002958 500.000000 6.765900
250 0.000085 0.007234 100.000000 6.493506
250 0.000048 0.006041 200.000000 6.920415
250 0.000052 0.007301 300.000000 5.964215
250 0.000027 0.005973 400.000000 6.666667
250 0.000013 0.003241 500.000000 6.747638
260 0.000068 0.007895 100.000000 6.578948
260 0.000050 0.006623 200.000000 6.944445
260 0.000051 0.007381 300.000000 5.928854
260 0.000024 0.005853 400.000000 6.700168
260 0.000014 0.003076 500.000000 6.693440
270 0.000070 0.008717 100.000000 6.666667
270 0.000058 0.007251 200.000000 6.968641
270 0.000046 0.007823 300.000000 5.940594
270 0.000027 0.006271 400.000000 6.722689
270 0.000013 0.002960 500.000000 6.510417
280 0.000063 0.010128 100.000000 6.756757
280 0.000062 0.007875 200.000000 7.017544
280 0.000045 0.008041 300.000000 5.976096
280 0.000028 0.006776 400.000000 6.756757
280 0.000012 0.002970 500.000000 6.377551
290 0.000072 0.011353 100.000000 6.849315
290 0.000068 0.008137 200.000000 7.117438
290 0.000042 0.008481 300.000000 6.024096
290 0.000032 0.007227 400.000000 6.791172
290 0.000016 0.002553 500.000000 6.321113
300 0.000087 0.013404 100.000000 7.092198
300 0.000077 0.010163 200.000000 7.246377
300 0.000048 0.010226 300.000000 6.109980
300 0.000037 0.008690 400.000000 6.837607
310 0.000079 0.009347 100.000000 7.407407
310 0.000067 0.007044 200.000000 7.462687
310 0.000037 0.007695 300.000000 6.198347
310 0.000033 0.006534 400.000000 6.908463
320 0.000070 0.006801 100.000000 7.751938
320 0.000061 0.004518 200.000000 7.692307
320 0.000029 0.005574 300.000000 6.315790
320 0.000028 0.004599 400.000000 6.993007
330 0.000046 0.006168 100.000000 8.130081
330 0.000046 0.003620 200.000000 7.905138
330 0.000019 0.003746 300.000000 6.410256
330 0.000020 0.003169 400.000000 7.054674
340 0.000027 0.007768 100.000000 8.264462
340 0.000035 0.004414 200.000000 8.097166
340 0.000021 0.003074 300.000000 6.507592
340 0.000019 0.001906 400.000000 7.079646
350 0.000080 0.007203 100.000000 8.130081
350 0.000029 0.005997 200.000000 8.230453
350 0.000021 0.004858 300.000000 6.578948
350 0.000027 0.003719 400.000000 7.042253
360 0.000054 0.007735 100.000000 7.751938
360 0.000037 0.005913 200.000000 8.333333
360 0.000020 0.005389 300.000000 6.622517
360 0.000021 0.003885 400.000000 6.993007
370 0.000088 0.010012 100.000000 7.518797
370 0.000049 0.008613 200.000000 8.368201
370 0.000034 0.007973 300.000000 6.651885
370 0.000024 0.005672 400.000000 6.968641
380 0.000070 0.009765 100.000000 7.407407
380 0.000046 0.008873 200.000000 8.333333
380 0.000034 0.008158 300.000000 6.666667
380 0.000023 0.005432 400.000000 6.932409
390 0.000074 0.008595 100.000000 7.352941
390 0.000044 0.006611 200.000000 8.196721
390 0.000029 0.006583 300.000000 6.681514
390 0.000022 0.004089 400.000000 6.884682
400 0.000075 0.007937 100.000000 7.299270
400 0.000041 0.005993 200.000000 5.747127
400 0.000031 0.006033 300.000000 6.696429
400 0.000018 0.003477 400.000000 6.814310
410 0.000061 0.007462 100.000000 7.246377
410 0.000075 0.007030 200.000000 5.617978
410 0.000032 0.006254 300.000000 6.711410
410 0.000020 0.003634 400.000000 6.700168
420 0.000065 0.007005 100.000000 7.194244
420 0.000059 0.006704 200.000000 5.617978
420 0.000033 0.005907 300.000000 6.726458
420 0.000016 0.003239 400.000000 6.400000
430 0.000083 0.006557 100.000000 7.246377
430 0.000059 0.007176 200.000000 5.633803
430 0.000035 0.006722 300.000000 6.726458
430 0.000022 0.003911 400.000000 6.230530
440 0.000073 0.006137 100.000000 7.352941
440 0.000051 0.007075 200.000000 5.698006
440 0.000035 0.006609 300.000000 6.741573
450 0.000061 0.004649 100.000000 7.575758
450 0.000040 0.005304 200.000000 5.763689
450 0.000028 0.004700 300.000000 6.741573
460 0.000058 0.003463 100.000000 7.874016
460 0.000033 0.003240 200.000000 5.865103
460 0.000028 0.002180 300.000000 6.726458
470 0.000078 0.005448 100.000000 8.196721
470 0.000019 0.002508 200.000000 5.952381
470 0.000021 0.002953 300.000000 6.726458
480 0.000086 0.003736 100.000000 8.620689
480 0.000009 0.001864 200.000000 6.060606
480 0.000022 0.002276 300.000000 6.741573
490 0.000080 0.003083 100.000000 8.928572
490 0.000014 0.002993 200.000000 6.172840
490 0.000024 0.002286 300.000000 6.756757
500 0.000086 0.002736 100.000000 9.259259
500 0.000012 0.002716 200.000000 6.250000
500 0.000023 0.001960 300.000000 6.787330
510 0.000095 0.002269 100.000000 9.433962
510 0.000008 0.003487 200.000000 6.309148
510 0.000022 0.001761 300.000000 6.787330
520 0.000086 0.003014 100.000000 9.345795
520 0.000014 0.004044 200.000000 6.349206
520 0.000026 0.002042 300.000000 6.741573
530 0.000102 0.002461 100.000000 8.196721
530 0.000011 0.001729 200.000000 6.369427
530 0.000020 0.000882 300.000000 6.681514
540 0.000073 0.003520 100.000000 4.608295
540 0.000015 0.002129 200.000000 6.410256
540 0.000021 0.001422 300.000000 6.593407
550 0.000089 0.003326 100.000000 4.566210
550 0.000024 0.002338 200.000000 6.451613
550 0.000026 0.002159 300.000000 6.410256
560 0.000075 0.004053 100.000000 4.566210
560 0.000027 0.001957 200.000000 6.472492
560 0.000027 0.002620 300.000000 6.072875
570 0.000084 0.004465 100.000000 4.587156
570 0.000041 0.003233 200.000000 6.472492
570 0.000032 0.004553 300.000000 5.870842
580 0.000090 0.004860 100.000000 4.629630
580 0.000047 0.003498 200.000000 6.349206
590 0.000087 0.004390 100.000000 4.651163
590 0.000064 0.002161 200.000000 6.153846
600 0.000095 0.004547 100.000000 4.672897
600 0.000053 0.002438 200.000000 5.988024
610 0.000101 0.006249 100.000000 4.694836
610 0.000047 0.004338 200.000000 5.934718
620 0.000105 0.007150 100.000000 4.739336
620 0.000054 0.004990 200.000000 5.899705
630 0.000103 0.008263 100.000000 4.807693
630 0.000059 0.005557 200.000000 5.899705
640 0.000119 0.010624 100.000000 4.950495
640 0.000063 0.007515 200.000000 5.952381
650 0.000121 0.011127 100.000000 5.154639
650 0.000063 0.007854 200.000000 6.079027
660 0.000111 0.010111 100.000000 5.405406
660 0.000060 0.006739 200.000000 6.230530
670 0.000112 0.010411 100.000000 5.714286
670 0.000060 0.006839 200.000000 6.430868
680 0.000113 0.010195 100.000000 6.060606
680 0.000060 0.006737 200.000000 6.644518
690 0.000113 0.010053 100.000000 6.451613
690 0.000060 0.006557 200.000000 6.872852
700 0.000115 0.009991 100.000000 6.896552
700 0.000061 0.006546 200.000000 7.117438
710 0.000114 0.009708 100.000000 7.407407
710 0.000061 0.006297 200.000000 7.380074
720 0.000111 0.007895 100.000000 8.000000
720 0.000060 0.005477 200.000000 7.633588
730 0.000104 0.005672 100.000000 8.695652
730 0.000058 0.004520 200.000000 7.936508
740 0.000093 0.004921 100.000000 9.345795
740 0.000052 0.004174 200.000000 8.163265
750 0.000071 0.003875 100.000000 10.101010
750 0.000046 0.003737 200.000000 8.333333
760 0.000085 0.007581 100.000000 10.526316
760 0.000057 0.006416 200.000000 8.333333
770 0.000077 0.006678 100.000000 10.869565
770 0.000036 0.005633 200.000000 7.843137
780 0.000085 0.006284 100.000000 10.869565
780 0.000039 0.005686 200.000000 7.092198
790 0.000055 0.004634 100.000000 10.526316
800 0.000040 0.006144 100.000000 9.433962
810 0.000056 0.005313 100.000000 8.403361
820 0.000071 0.004779 100.000000 8.000000
830 0.000066 0.004758 100.000000 7.692307
840 0.000063 0.004920 100.000000 7.352941
850 0.000068 0.005815 100.000000 6.993007
860 0.000072 0.007618 100.000000 6.134969
870 0.000072 0.010506 100.000000 5.208333
880 0.000088 0.014238 100.000000 4.830918
