-0.000000 0.000000 0.000000 0.000000
0.002038 3.941730 -0.019212 3.927615
0.007571 7.908775 -0.036030 7.904792
0.006781 11.904260 -0.056503 11.927766
-0.005852 15.930660 -0.091871 15.969203
0.005006 19.986700 -0.117265 20.038847
-0.007369 24.072100 -0.152022 24.123428
0.001962 28.194720 -0.147341 28.276863
0.006827 32.335310 -0.167267 32.408546
0.012119 36.507890 -0.196094 36.530777
0.019429 40.704370 -0.226207 40.703995
0.026224 44.928210 -0.245488 44.910591
0.033592 49.179630 -0.251504 49.144558
0.025370 53.457160 -0.295192 53.399094
0.013229 57.745500 -0.325644 57.750023
0.002764 62.027950 -0.357578 62.039345
-0.005954 66.289400 -0.399813 66.255898
-0.027023 70.530000 -0.446242 70.472939
-0.046776 74.742450 -0.484632 74.665092
-0.052873 78.934960 -0.514122 78.871857
-0.048388 83.097210 -0.514401 83.014862
-0.075180 87.250150 -0.531446 87.108719
-0.111047 91.375240 -0.554703 91.202652
-0.169705 95.460760 -0.591412 95.261208
-0.234406 99.515130 -0.673847 99.244896
-0.286760 103.545900 -0.721452 103.237228
-0.334309 107.565300 -0.760804 107.220741
-0.394315 111.576600 -0.780120 111.223656
-0.429590 115.560100 -0.824874 115.178032
-0.430614 119.561300 -0.838840 119.192253
-0.456074 123.624200 -0.828967 123.240372
-0.470849 127.692500 -0.813481 127.272781
-0.470125 131.755700 -0.779593 131.338455
-0.466120 135.814600 -0.740069 135.436172
-0.464181 139.862600 -0.704631 139.470291
-0.474702 143.909900 -0.692294 143.482849
-0.484415 147.953800 -0.668055 147.516495
-0.497985 151.991700 -0.665445 151.506332
-0.518837 156.032900 -0.675641 155.541412
-0.490889 160.078600 -0.648722 159.573822
-0.476780 164.129500 -0.666621 163.594101
-0.449484 168.200000 -0.650188 167.663223
-0.411154 172.284100 -0.657932 171.714981
-0.358878 176.408600 -0.661104 175.825882
-0.313655 180.542000 -0.650725 179.966049
-0.318656 184.703900 -0.662251 184.151794
-0.308933 188.900300 -0.677365 188.353760
-0.300756 193.121300 -0.688499 192.635788
-0.295505 197.380900 -0.665036 196.930573
-0.332199 201.657300 -0.719224 201.189438
-0.348136 205.970400 -0.736188 205.478958
-0.342964 210.323200 -0.718340 209.901825
-0.357581 214.714200 -0.720967 214.312576
-0.360488 219.141900 -0.742458 218.674286
-0.375507 223.589400 -0.771820 223.090591
-0.378527 228.060200 -0.803556 227.543427
-0.374570 232.542100 -0.818561 232.037949
-0.378408 237.044600 -0.832134 236.557861
-0.382092 241.571200 -0.851460 241.074600
-0.377078 246.123100 -0.835472 245.627899
-0.365894 250.696400 -0.824649 250.245575
-0.356528 255.288500 -0.834602 254.891357
-0.340799 259.900300 -0.842749 259.497498
-0.325374 264.511300 -0.814212 264.147858
-0.317394 269.137700 -0.785987 268.828156
-0.314040 273.764900 -0.777751 273.418335
-0.306203 278.395200 -0.747495 278.057709
-0.276490 283.049800 -0.701758 282.743347
-0.230158 287.699900 -0.638883 287.400665
-0.192693 292.369200 -0.598588 292.055389
-0.168171 297.072300 -0.567061 296.785614
-0.143657 301.821100 -0.554543 301.513153
-0.111308 306.608600 -0.531359 306.269501
-0.093249 311.433100 -0.521308 311.052368
-0.107981 316.295300 -0.511366 315.938324
-0.103970 321.182300 -0.512109 320.810303
-0.096484 326.068200 -0.535556 325.653381
-0.074427 330.950800 -0.528902 330.509155
-0.054350 335.802400 -0.518481 335.380585
-0.042570 340.628700 -0.530665 340.167206
-0.035147 345.452500 -0.532699 344.975983
-0.041563 350.253200 -0.552717 349.706329
-0.075066 355.037900 -0.582378 354.499084
-0.109101 359.812500 -0.627975 359.278534
-0.141995 364.586700 -0.658224 364.107849
-0.185891 369.386600 -0.685921 368.919220
-0.237813 374.225300 -0.730797 373.712585
-0.270401 378.992900 -0.763533 378.541016
-0.296087 383.840800 -0.820941 383.420807
-0.316454 388.685700 -0.837660 388.288300
-0.323790 393.557900 -0.844673 393.194031
