0 0.000038 0.009765 100.000000 9.090909
0 0.000071 0.003562 200.000000 7.633588
0 0.000052 0.003035 300.000000 7.159904
0 0.000021 0.002215 400.000000 6.896552
0 0.000017 0.001855 500.000000 7.278020
0 0.000017 0.002538 600.000000 7.272727
0 0.000017 0.002170 700.000000 7.186858
0 0.000017 0.001082 800.000000 7.305936
10 0.000044 0.010587 100.000000 8.849558
10 0.000067 0.003811 200.000000 7.722008
10 0.000039 0.002990 300.000000 7.075472
10 0.000019 0.002047 400.000000 6.932409
10 0.000014 0.001979 500.000000 7.320644
10 0.000016 0.002640 600.000000 7.290401
10 0.000018 0.002109 700.000000 7.201646
10 0.000016 0.001130 800.000000 7.332722
20 0.000120 0.010176 100.000000 8.196721
20 0.000068 0.003637 200.000000 7.782101
20 0.000046 0.003211 300.000000 7.042253
20 0.000020 0.002340 400.000000 6.968641
20 0.000013 0.001812 500.000000 7.352941
20 0.000015 0.002418 600.000000 7.299270
20 0.000016 0.001700 700.000000 7.209063
20 0.000015 0.001018 800.000000 7.352941
30 0.000105 0.008644 100.000000 7.751938
30 0.000064 0.002843 200.000000 7.782101
30 0.000051 0.002539 300.000000 7.009346
30 0.000021 0.002035 400.000000 6.980803
30 0.000014 0.001649 500.000000 7.374631
30 0.000013 0.002375 600.000000 7.299270
30 0.000016 0.001523 700.000000 7.194244
30 0.000016 0.000929 800.000000 7.359705
40 0.000087 0.009469 100.000000 7.575758
40 0.000053 0.003726 200.000000 7.692307
40 0.000037 0.001787 300.000000 6.993007
40 0.000017 0.002184 400.000000 6.956522
40 0.000012 0.002137 500.000000 7.374631
40 0.000007 0.002586 600.000000 7.281553
40 0.000015 0.001807 700.000000 7.150153
40 0.000014 0.001312 800.000000 7.352941
50 0.000080 0.008356 100.000000 7.407407
50 0.000054 0.003454 200.000000 7.575758
50 0.000041 0.002378 300.000000 6.976744
50 0.000017 0.002329 400.000000 6.932409
50 0.000014 0.002160 500.000000 7.363770
50 0.000009 0.002652 600.000000 7.194244
50 0.000015 0.001820 700.000000 7.113821
50 0.000014 0.001525 800.000000 7.332722
60 0.000074 0.006797 100.000000 7.194244
60 0.000049 0.003766 200.000000 7.407407
60 0.000035 0.002876 300.000000 6.944445
60 0.000015 0.002371 400.000000 6.920415
60 0.000013 0.002124 500.000000 7.352941
60 0.000008 0.002491 600.000000 7.050529
60 0.000014 0.001831 700.000000 7.099391
60 0.000012 0.001599 800.000000 7.305936
70 0.000101 0.005899 100.000000 6.944445
70 0.000063 0.003286 200.000000 7.220217
70 0.000039 0.002814 300.000000 6.849315
70 0.000015 0.001942 400.000000 6.908463
70 0.000011 0.002064 500.000000 7.331378
70 0.000011 0.002484 600.000000 6.993007
70 0.000014 0.001566 700.000000 7.092198
70 0.000013 0.001290 800.000000 7.252946
80 0.000086 0.005402 100.000000 6.711410
80 0.000068 0.002957 200.000000 6.968641
80 0.000017 0.003382 300.000000 6.622517
80 0.000015 0.001845 400.000000 6.896552
80 0.000009 0.002013 500.000000 7.278020
80 0.000013 0.002231 600.000000 6.960557
80 0.000014 0.001428 700.000000 7.092198
80 0.000016 0.001445 800.000000 7.111111
90 0.000103 0.004876 100.000000 6.535948
90 0.000069 0.003344 200.000000 6.711410
90 0.000025 0.004154 300.000000 6.396588
90 0.000015 0.001790 400.000000 6.884682
90 0.000011 0.001871 500.000000 7.173601
90 0.000014 0.001922 600.000000 6.936416
90 0.000014 0.001283 700.000000 7.085020
90 0.000018 0.001636 800.000000 7.048458
100 0.000104 0.005249 100.000000 6.451613
100 0.000070 0.004137 200.000000 6.578948
100 0.000031 0.003840 300.000000 6.342494
100 0.000015 0.001918 400.000000 6.884682
100 0.000018 0.001869 500.000000 7.002801
100 0.000015 0.001850 600.000000 6.928406
100 0.000016 0.001347 700.000000 7.085020
100 0.000014 0.001757 800.000000 7.023705
110 0.000108 0.004896 100.000000 6.535948
110 0.000064 0.004345 200.000000 6.451613
110 0.000023 0.003468 300.000000 6.369427
110 0.000016 0.001773 400.000000 6.920415
110 0.000015 0.001849 500.000000 6.983240
110 0.000015 0.001735 600.000000 6.936416
110 0.000014 0.001264 700.000000 7.099391
110 0.000013 0.001641 800.000000 7.029877
120 0.000114 0.003904 100.000000 6.756757
120 0.000049 0.003958 200.000000 6.410256
120 0.000018 0.002739 300.000000 6.437768
120 0.000011 0.001393 400.000000 6.993007
120 0.000012 0.001806 500.000000 7.022472
120 0.000016 0.001599 600.000000 6.968641
120 0.000014 0.001052 700.000000 7.135576
120 0.000013 0.001275 800.000000 7.060900
130 0.000097 0.007162 100.000000 6.993007
130 0.000041 0.005468 200.000000 6.451613
130 0.000013 0.003563 300.000000 6.521739
130 0.000008 0.001767 400.000000 7.067138
130 0.000003 0.001740 500.000000 7.072136
130 0.000011 0.001761 600.000000 7.009346
130 0.000009 0.001662 700.000000 7.179487
130 0.000010 0.001397 800.000000 7.098492
140 0.000094 0.009710 100.000000 7.299270
140 0.000026 0.006638 200.000000 6.535948
140 0.000021 0.004629 300.000000 6.607930
140 0.000013 0.002196 400.000000 7.142857
140 0.000007 0.001894 500.000000 7.122507
140 0.000010 0.002064 600.000000 7.050529
140 0.000008 0.002233 700.000000 7.231405
140 0.000011 0.001943 800.000000 7.130125
150 0.000054 0.010046 100.000000 7.575758
150 0.000018 0.006288 200.000000 6.622517
150 0.000025 0.004090 300.000000 6.681514
150 0.000016 0.001780 400.000000 7.220217
150 0.000011 0.001429 500.000000 7.173601
150 0.000004 0.001434 600.000000 7.083825
150 0.000003 0.001819 700.000000 7.268951
150 0.000007 0.001881 800.000000 7.162041
160 0.000024 0.010557 100.000000 7.751938
160 0.000048 0.006856 200.000000 6.666667
160 0.000030 0.003904 300.000000 6.741573
160 0.000021 0.001467 400.000000 7.272727
160 0.000014 0.000838 500.000000 7.204611
160 0.000006 0.000877 600.000000 7.092198
160 0.000005 0.001515 700.000000 7.299270
160 0.000007 0.002016 800.000000 7.174888
170 0.000033 0.010834 100.000000 7.751938
170 0.000051 0.007424 200.000000 6.711410
170 0.000033 0.004107 300.000000 6.756757
170 0.000023 0.001603 400.000000 7.312614
170 0.000016 0.000965 500.000000 7.215007
170 0.000009 0.001193 600.000000 7.083825
170 0.000009 0.001861 700.000000 7.314525
170 0.000010 0.002236 800.000000 7.162041
180 0.000033 0.009946 100.000000 7.692307
180 0.000039 0.006092 200.000000 6.734007
180 0.000027 0.003190 300.000000 6.772009
180 0.000020 0.001305 400.000000 7.326007
180 0.000016 0.001125 500.000000 7.173601
180 0.000006 0.000955 600.000000 7.058824
180 0.000007 0.001570 700.000000 7.314525
180 0.000010 0.001827 800.000000 7.117438
190 0.000025 0.010229 100.000000 7.575758
190 0.000036 0.006126 200.000000 6.756757
190 0.000027 0.003013 300.000000 6.787330
190 0.000021 0.001215 400.000000 7.352941
190 0.000016 0.001369 500.000000 7.072136
190 0.000005 0.000971 600.000000 7.058824
190 0.000006 0.001665 700.000000 7.306890
190 0.000011 0.001712 800.000000 7.085917
200 0.000024 0.009814 100.000000 7.518797
200 0.000034 0.005804 200.000000 6.779661
200 0.000025 0.002801 300.000000 6.818182
200 0.000021 0.001130 400.000000 7.366483
200 0.000006 0.001329 500.000000 6.993007
200 0.000004 0.001078 600.000000 7.075472
200 0.000007 0.001705 700.000000 7.306890
200 0.000010 0.001561 800.000000 7.079646
210 0.000046 0.009827 100.000000 7.407407
210 0.000043 0.005608 200.000000 6.779661
210 0.000029 0.002522 300.000000 6.864988
210 0.000022 0.000880 400.000000 7.393715
210 0.000007 0.001127 500.000000 6.983240
210 0.000006 0.000899 600.000000 7.100592
210 0.000009 0.001647 700.000000 7.291667
210 0.000010 0.001464 800.000000 7.092198
220 0.000050 0.009994 100.000000 7.352941
220 0.000025 0.005717 200.000000 6.688963
220 0.000028 0.002365 300.000000 6.912442
220 0.000021 0.001064 400.000000 7.421150
220 0.000006 0.001339 500.000000 6.993007
220 0.000005 0.001177 600.000000 7.125891
220 0.000007 0.001774 700.000000 7.231405
220 0.000011 0.001367 800.000000 7.104796
230 0.000068 0.009267 100.000000 7.142857
230 0.000045 0.006216 200.000000 6.514658
230 0.000029 0.002021 300.000000 6.944445
230 0.000023 0.000960 400.000000 7.407407
230 0.000004 0.001079 500.000000 7.002801
230 0.000008 0.000956 600.000000 7.151371
230 0.000013 0.001725 700.000000 7.150153
230 0.000011 0.001234 800.000000 7.123775
240 0.000068 0.006118 100.000000 6.896552
240 0.000052 0.005684 200.000000 6.329114
240 0.000032 0.000717 300.000000 6.976744
240 0.000026 0.001411 400.000000 7.352941
240 0.000008 0.001263 500.000000 7.012623
240 0.000010 0.000526 600.000000 7.168459
240 0.000014 0.001670 700.000000 7.121058
240 0.000012 0.000840 800.000000 7.136485
250 0.000048 0.005813 100.000000 6.711410
250 0.000059 0.004557 200.000000 6.269592
250 0.000033 0.000682 300.000000 7.009346
250 0.000032 0.001874 400.000000 7.194244
250 0.000010 0.001357 500.000000 7.012623
250 0.000009 0.000394 600.000000 7.185629
250 0.000014 0.001600 700.000000 7.106599
250 0.000013 0.000633 800.000000 7.142857
260 0.000040 0.006074 100.000000 6.369427
260 0.000051 0.003422 200.000000 6.269592
260 0.000033 0.000939 300.000000 7.042253
260 0.000029 0.002103 400.000000 7.092198
260 0.000011 0.001499 500.000000 7.012623
260 0.000009 0.000263 600.000000 7.194244
260 0.000012 0.001344 700.000000 7.099391
260 0.000011 0.000450 800.000000 7.149240
270 0.000035 0.005652 100.000000 5.952381
270 0.000057 0.002637 200.000000 6.269592
270 0.000034 0.001299 300.000000 7.058824
270 0.000026 0.002485 400.000000 7.067138
270 0.000009 0.001527 500.000000 6.993007
270 0.000006 0.000286 600.000000 7.202881
270 0.000011 0.001229 700.000000 7.099391
270 0.000012 0.000355 800.000000 7.155635
280 0.000079 0.005308 100.000000 5.813953
280 0.000058 0.001803 200.000000 6.289308
280 0.000035 0.001907 300.000000 7.075472
280 0.000023 0.003108 400.000000 7.067138
280 0.000009 0.001774 500.000000 6.983240
280 0.000007 0.000346 600.000000 7.211538
280 0.000007 0.001071 700.000000 7.099391
280 0.000012 0.000349 800.000000 7.168459
290 0.000085 0.004631 100.000000 5.813953
290 0.000052 0.001237 200.000000 6.309148
290 0.000035 0.001981 300.000000 7.109005
290 0.000020 0.003088 400.000000 7.067138
290 0.000007 0.001441 500.000000 6.963789
290 0.000004 0.000370 600.000000 7.220217
290 0.000009 0.001032 700.000000 7.092198
290 0.000013 0.000248 800.000000 7.181329
300 0.000076 0.003988 100.000000 5.882353
300 0.000050 0.000538 200.000000 6.329114
300 0.000033 0.002337 300.000000 7.159904
300 0.000021 0.003285 400.000000 7.067138
300 0.000007 0.001430 500.000000 6.944445
300 0.000006 0.000451 600.000000 7.237636
300 0.000010 0.000918 700.000000 7.063572
300 0.000014 0.000344 800.000000 7.200720
310 0.000053 0.003125 100.000000 5.952381
310 0.000044 0.000795 200.000000 6.369427
310 0.000033 0.002613 300.000000 7.194244
310 0.000021 0.003582 400.000000 7.017544
310 0.000008 0.001558 500.000000 6.934813
310 0.000004 0.000671 600.000000 7.246377
310 0.000012 0.000769 700.000000 7.028112
310 0.000012 0.000500 800.000000 7.220217
320 0.000066 0.002504 100.000000 6.024096
320 0.000043 0.000703 200.000000 6.410256
320 0.000030 0.002628 300.000000 7.246377
320 0.000021 0.003636 400.000000 6.932409
320 0.000006 0.001423 500.000000 6.944445
320 0.000005 0.000499 600.000000 7.255139
320 0.000013 0.000629 700.000000 7.007007
320 0.000013 0.000530 800.000000 7.246377
330 0.000075 0.001868 100.000000 6.097561
330 0.000044 0.001287 200.000000 6.472492
330 0.000032 0.003051 300.000000 7.299270
330 0.000010 0.003877 400.000000 6.861063
330 0.000004 0.001525 500.000000 6.973501
330 0.000010 0.000464 600.000000 7.263923
330 0.000013 0.000428 700.000000 7.007007
330 0.000013 0.000660 800.000000 7.266122
340 0.000068 0.001834 100.000000 6.172840
340 0.000054 0.002168 200.000000 6.535948
340 0.000036 0.004074 300.000000 7.352941
340 0.000018 0.004379 400.000000 6.849315
340 0.000007 0.001841 500.000000 7.012623
340 0.000007 0.000579 600.000000 7.263923
340 0.000016 0.000264 700.000000 7.028112
340 0.000014 0.000945 800.000000 7.292616
350 0.000071 0.001580 100.000000 6.134969
350 0.000054 0.002853 200.000000 6.622517
350 0.000037 0.004435 300.000000 7.389163
350 0.000017 0.004396 400.000000 6.872852
350 0.000007 0.001908 500.000000 7.052186
350 0.000009 0.000415 600.000000 7.228916
350 0.000016 0.000333 700.000000 7.049345
350 0.000014 0.001095 800.000000 7.326007
360 0.000066 0.001105 100.000000 6.024096
360 0.000058 0.003765 200.000000 6.734007
360 0.000037 0.005324 300.000000 7.444169
360 0.000020 0.004893 400.000000 6.920415
360 0.000006 0.002353 500.000000 7.092198
360 0.000005 0.000999 600.000000 7.168459
360 0.000016 0.000228 700.000000 7.077857
360 0.000014 0.001393 800.000000 7.359705
370 0.000138 0.000859 100.000000 5.917160
370 0.000054 0.004346 200.000000 6.825939
370 0.000039 0.005763 300.000000 7.481297
370 0.000017 0.005068 400.000000 6.956522
370 0.000007 0.002505 500.000000 7.142857
370 0.000008 0.000749 600.000000 7.142857
370 0.000016 0.000414 700.000000 7.113821
370 0.000015 0.001532 800.000000 7.400555
380 0.000113 0.001696 100.000000 5.813953
380 0.000053 0.004443 200.000000 6.944445
380 0.000039 0.005760 300.000000 7.500000
380 0.000016 0.004884 400.000000 7.005254
380 0.000008 0.002433 500.000000 7.194244
380 0.000007 0.000508 600.000000 7.142857
380 0.000015 0.000517 700.000000 7.150153
380 0.000014 0.001568 800.000000 7.434944
390 0.000103 0.001379 100.000000 5.813953
390 0.000059 0.004546 200.000000 7.067138
390 0.000039 0.006093 300.000000 7.444169
390 0.000014 0.004758 400.000000 7.054674
390 0.000010 0.002353 500.000000 7.235890
390 0.000011 0.000197 600.000000 7.159904
390 0.000016 0.000602 700.000000 7.179487
390 0.000015 0.001624 800.000000 7.476635
400 0.000112 0.001353 100.000000 5.847953
400 0.000055 0.005211 200.000000 7.168459
400 0.000039 0.006646 300.000000 7.317073
400 0.000013 0.004906 400.000000 7.092198
400 0.000011 0.002476 500.000000 7.278020
400 0.000012 0.000328 600.000000 7.168459
400 0.000016 0.000801 700.000000 7.209063
400 0.000015 0.001819 800.000000 7.511737
410 0.000109 0.001971 100.000000 5.988024
410 0.000056 0.005459 200.000000 7.299270
410 0.000044 0.006669 300.000000 7.317073
410 0.000013 0.004718 400.000000 7.142857
410 0.000011 0.002219 500.000000 7.331378
410 0.000014 0.000162 600.000000 7.202881
410 0.000016 0.000862 700.000000 7.246377
410 0.000015 0.001838 800.000000 7.547170
420 0.000117 0.002235 100.000000 6.211180
420 0.000058 0.005198 200.000000 7.462687
420 0.000041 0.006169 300.000000 7.371007
420 0.000015 0.004175 400.000000 7.194244
420 0.000012 0.001650 500.000000 7.396450
420 0.000015 0.000412 600.000000 7.246377
420 0.000016 0.000808 700.000000 7.284079
420 0.000015 0.001706 800.000000 7.597341
430 0.000107 0.001139 100.000000 6.410256
430 0.000048 0.004527 200.000000 7.633588
430 0.000031 0.005369 300.000000 7.462687
430 0.000011 0.003326 400.000000 7.259528
430 0.000006 0.001289 500.000000 7.462687
430 0.000013 0.000466 600.000000 7.290401
430 0.000014 0.000635 700.000000 7.329843
430 0.000013 0.001494 800.000000 7.648183
440 0.000102 0.000630 100.000000 6.622517
440 0.000044 0.004197 200.000000 7.782101
440 0.000025 0.004978 300.000000 7.537688
440 0.000008 0.002808 400.000000 7.312614
440 0.000007 0.001207 500.000000 7.518797
440 0.000014 0.000567 600.000000 7.334963
440 0.000014 0.000524 700.000000 7.376185
440 0.000012 0.001398 800.000000 7.684918
450 0.000094 0.001948 100.000000 6.756757
450 0.000043 0.004703 200.000000 7.905138
450 0.000019 0.005495 300.000000 7.575758
450 0.000012 0.003198 400.000000 7.326007
450 0.000009 0.001764 500.000000 7.552870
450 0.000014 0.000589 600.000000 7.352941
450 0.000012 0.000661 700.000000 7.399577
450 0.000012 0.001571 800.000000 7.714561
460 0.000098 0.003315 100.000000 6.802721
460 0.000048 0.006630 200.000000 7.936508
460 0.000026 0.007178 300.000000 7.575758
460 0.000018 0.004116 400.000000 7.299270
460 0.000014 0.002317 500.000000 7.564297
460 0.000017 0.000609 600.000000 7.343941
460 0.000015 0.001089 700.000000 7.415254
460 0.000014 0.002143 800.000000 7.722008
470 0.000098 0.003557 100.000000 6.802721
470 0.000045 0.006437 200.000000 7.968128
470 0.000027 0.006661 300.000000 7.537688
470 0.000018 0.003453 400.000000 7.233273
470 0.000011 0.001831 500.000000 7.564297
470 0.000016 0.000484 600.000000 7.290401
470 0.000014 0.001118 700.000000 7.430998
470 0.000038 0.002464 800.000000 7.707129
480 0.000086 0.004516 100.000000 6.756757
480 0.000045 0.006715 200.000000 8.000000
480 0.000028 0.006626 300.000000 7.371007
480 0.000018 0.003174 400.000000 7.207207
480 0.000007 0.001525 500.000000 7.552870
480 0.000015 0.000377 600.000000 7.211538
480 0.000014 0.001244 700.000000 7.438895
480 0.000014 0.002224 800.000000 7.677543
490 0.000092 0.006421 100.000000 6.802721
490 0.000048 0.007482 200.000000 8.032128
490 0.000029 0.007074 300.000000 7.159904
490 0.000018 0.003202 400.000000 7.207207
490 0.000005 0.001566 500.000000 7.530120
490 0.000018 0.000277 600.000000 7.177033
490 0.000014 0.001446 700.000000 7.454739
490 0.000013 0.002487 800.000000 7.504691
500 0.000088 0.007097 100.000000 6.896552
500 0.000050 0.007756 200.000000 8.064516
500 0.000030 0.006413 300.000000 7.092198
500 0.000015 0.003081 400.000000 7.233273
500 0.000005 0.001582 500.000000 7.518797
500 0.000017 0.000344 600.000000 7.177033
500 0.000014 0.001530 700.000000 7.478632
500 0.000012 0.002541 800.000000 7.469655
510 0.000089 0.007788 100.000000 7.092198
510 0.000050 0.007763 200.000000 8.163265
510 0.000033 0.005977 300.000000 7.125891
510 0.000015 0.002928 400.000000 7.299270
510 0.000006 0.001549 500.000000 7.485030
510 0.000017 0.000432 600.000000 7.211538
510 0.000014 0.001585 700.000000 7.518797
510 0.000013 0.002538 800.000000 7.483630
520 0.000082 0.006698 100.000000 7.407407
520 0.000045 0.006788 200.000000 8.298756
520 0.000023 0.005050 300.000000 7.211538
520 0.000011 0.002356 400.000000 7.366483
520 0.000006 0.001216 500.000000 7.440476
520 0.000015 0.000367 600.000000 7.255139
520 0.000013 0.001375 700.000000 7.567567
520 0.000012 0.002174 800.000000 7.518797
530 0.000066 0.005807 100.000000 7.692307
530 0.000030 0.005680 200.000000 8.438819
530 0.000011 0.004422 300.000000 7.299270
530 0.000015 0.001916 400.000000 7.448790
530 0.000019 0.000875 500.000000 7.418397
530 0.000010 0.000274 600.000000 7.308161
530 0.000009 0.000975 700.000000 7.616975
530 0.000007 0.001499 800.000000 7.561437
540 0.000056 0.007532 100.000000 8.130081
540 0.000029 0.007148 200.000000 8.620689
540 0.000029 0.005486 300.000000 7.389163
540 0.000028 0.002703 400.000000 7.532957
540 0.000028 0.000864 500.000000 7.440476
540 0.000010 0.000502 600.000000 7.361963
540 0.000007 0.001306 700.000000 7.675438
540 0.000007 0.002012 800.000000 7.604563
550 0.000017 0.008124 100.000000 8.547009
550 0.000006 0.007356 200.000000 8.695652
550 0.000023 0.005329 300.000000 7.500000
550 0.000024 0.002914 400.000000 7.619048
550 0.000020 0.000727 500.000000 7.473842
550 0.000002 0.000636 600.000000 7.416564
550 0.000001 0.001498 700.000000 7.726269
550 0.000003 0.002213 800.000000 7.648183
560 0.000036 0.008474 100.000000 8.849558
560 0.000011 0.008352 200.000000 8.620689
560 0.000022 0.005581 300.000000 7.556675
560 0.000019 0.003144 400.000000 7.692307
560 0.000014 0.000567 500.000000 7.485030
560 0.000005 0.000703 600.000000 7.453416
560 0.000005 0.001729 700.000000 7.777778
560 0.000006 0.002578 800.000000 7.684918
570 0.000038 0.008947 100.000000 9.090909
570 0.000022 0.009556 200.000000 8.298756
570 0.000024 0.005704 300.000000 7.594937
570 0.000020 0.003056 400.000000 7.736944
570 0.000011 0.000495 500.000000 7.485030
570 0.000008 0.000699 600.000000 7.481297
570 0.000007 0.001892 700.000000 7.812500
570 0.000007 0.002873 800.000000 7.707129
580 0.000007 0.006573 100.000000 9.259259
580 0.000027 0.007063 200.000000 8.097166
580 0.000019 0.003983 300.000000 7.575758
580 0.000019 0.002108 400.000000 7.751938
580 0.000011 0.000158 500.000000 7.485030
580 0.000004 0.000455 600.000000 7.490637
580 0.000003 0.001389 700.000000 7.838746
580 0.000004 0.002175 800.000000 7.722008
590 0.000022 0.007759 100.000000 9.345795
590 0.000023 0.007439 200.000000 8.032128
590 0.000022 0.004069 300.000000 7.537688
590 0.000021 0.001963 400.000000 7.751938
590 0.000016 0.000311 500.000000 7.473842
590 0.000006 0.000538 600.000000 7.500000
590 0.000004 0.001560 700.000000 7.856341
590 0.000006 0.002426 800.000000 7.736944
600 0.000014 0.008042 100.000000 9.345795
600 0.000026 0.007136 200.000000 8.000000
600 0.000023 0.003630 300.000000 7.481297
600 0.000022 0.001741 400.000000 7.766990
600 0.000018 0.000642 500.000000 7.462687
600 0.000003 0.000549 600.000000 7.509387
600 0.000004 0.001541 700.000000 7.865169
600 0.000006 0.002334 800.000000 7.751938
610 0.000019 0.007572 100.000000 9.523809
610 0.000023 0.006781 200.000000 7.968128
610 0.000025 0.003168 300.000000 7.425743
610 0.000022 0.001351 400.000000 7.766990
610 0.000016 0.000789 500.000000 7.429420
610 0.000003 0.000569 600.000000 7.528231
610 0.000003 0.001465 700.000000 7.865169
610 0.000005 0.002254 800.000000 7.759457
620 0.000021 0.006628 100.000000 9.615385
620 0.000025 0.006178 200.000000 7.874016
620 0.000027 0.002508 300.000000 7.352941
620 0.000021 0.000838 400.000000 7.766990
620 0.000010 0.001026 500.000000 7.342144
620 0.000003 0.000465 600.000000 7.547170
620 0.000028 0.001625 700.000000 7.838746
620 0.000005 0.002052 800.000000 7.774539
630 0.000020 0.005592 100.000000 9.615385
630 0.000019 0.005409 200.000000 7.518797
630 0.000022 0.001859 300.000000 7.334963
630 0.000020 0.000431 400.000000 7.736944
630 0.000003 0.001034 500.000000 7.267442
630 0.000005 0.000333 600.000000 7.556675
630 0.000003 0.001267 700.000000 7.769145
630 0.000006 0.001766 800.000000 7.789679
640 0.000017 0.005571 100.000000 9.615385
640 0.000026 0.004913 200.000000 7.220217
640 0.000021 0.001822 300.000000 7.334963
640 0.000021 0.000739 400.000000 7.707129
640 0.000005 0.000965 500.000000 7.225433
640 0.000005 0.000330 600.000000 7.566204
640 0.000002 0.001323 700.000000 7.567567
640 0.000005 0.001900 800.000000 7.797271
650 0.000019 0.005442 100.000000 9.433962
650 0.000044 0.004653 200.000000 7.117438
650 0.000027 0.001629 300.000000 7.334963
650 0.000025 0.000927 400.000000 7.561437
650 0.000004 0.000997 500.000000 7.215007
650 0.000002 0.000338 600.000000 7.575758
650 0.000004 0.001322 700.000000 7.534984
650 0.000005 0.001948 800.000000 7.804878
660 0.000020 0.005983 100.000000 9.174312
660 0.000035 0.004364 200.000000 7.067138
660 0.000025 0.001618 300.000000 7.334963
660 0.000024 0.001530 400.000000 7.299270
660 0.000003 0.000909 500.000000 7.215007
660 0.000002 0.000426 600.000000 7.585335
660 0.000003 0.001426 700.000000 7.526882
660 0.000004 0.002042 800.000000 7.812500
670 0.000011 0.006954 100.000000 8.403361
670 0.000033 0.004098 200.000000 7.017544
670 0.000027 0.001633 300.000000 7.334963
670 0.000023 0.001494 400.000000 7.194244
670 0.000006 0.000822 500.000000 7.215007
670 0.000002 0.000540 600.000000 7.604563
670 0.000005 0.001506 700.000000 7.526882
670 0.000006 0.002152 800.000000 7.827789
680 0.000044 0.007510 100.000000 7.407407
680 0.000030 0.003473 200.000000 6.968641
680 0.000023 0.001389 300.000000 7.334963
680 0.000017 0.001394 400.000000 7.142857
680 0.000004 0.000644 500.000000 7.204611
680 0.000003 0.000548 600.000000 7.623888
680 0.000005 0.001446 700.000000 7.534984
680 0.000006 0.001963 800.000000 7.835455
690 0.000038 0.006569 100.000000 7.092198
690 0.000032 0.002711 200.000000 6.896552
690 0.000024 0.001151 300.000000 7.317073
690 0.000018 0.001577 400.000000 7.117438
690 0.000003 0.000697 500.000000 7.204611
690 0.000001 0.000510 600.000000 7.633588
690 0.000006 0.001392 700.000000 7.534984
690 0.000006 0.001837 800.000000 7.850834
700 0.000043 0.006154 100.000000 6.944445
700 0.000035 0.002191 200.000000 6.825939
700 0.000028 0.001201 300.000000 7.317073
700 0.000023 0.002197 400.000000 7.092198
700 0.000002 0.000859 500.000000 7.204611
700 0.000003 0.000461 600.000000 7.643312
700 0.000005 0.001404 700.000000 7.543103
700 0.000007 0.001861 800.000000 7.858546
710 0.000049 0.006382 100.000000 6.849315
710 0.000037 0.001851 200.000000 6.711410
710 0.000031 0.001541 300.000000 7.299270
710 0.000025 0.002694 400.000000 7.054674
710 0.000004 0.000869 500.000000 7.215007
710 0.000003 0.000441 600.000000 7.633588
710 0.000007 0.001449 700.000000 7.551240
710 0.000008 0.001863 800.000000 7.866273
720 0.000043 0.006343 100.000000 6.666667
720 0.000040 0.001570 200.000000 6.578948
720 0.000031 0.001786 300.000000 7.281553
720 0.000019 0.002868 400.000000 6.956522
720 0.000003 0.000845 500.000000 7.215007
720 0.000055 0.001014 600.000000 7.604563
720 0.000007 0.001483 700.000000 7.559395
720 0.000007 0.001792 800.000000 7.866273
730 0.000038 0.006652 100.000000 6.250000
730 0.000042 0.001535 200.000000 6.514658
730 0.000031 0.001879 300.000000 7.246377
730 0.000004 0.002931 400.000000 6.837607
730 0.000001 0.000894 500.000000 7.225433
730 0.000004 0.000657 600.000000 7.547170
730 0.000005 0.001494 700.000000 7.567567
730 0.000008 0.001717 800.000000 7.858546
740 0.000059 0.005776 100.000000 5.780347
740 0.000040 0.001550 200.000000 6.514658
740 0.000034 0.002199 300.000000 7.194244
740 0.000004 0.002889 400.000000 6.791172
740 0.000003 0.000894 500.000000 7.235890
740 0.000002 0.000707 600.000000 7.308161
740 0.000003 0.001533 700.000000 7.575758
740 0.000009 0.001776 800.000000 7.858546
750 0.000083 0.004744 100.000000 5.649717
750 0.000040 0.001975 200.000000 6.535948
750 0.000035 0.002776 300.000000 7.109005
750 0.000003 0.002788 400.000000 6.791172
750 0.000005 0.000852 500.000000 7.256894
750 0.000000 0.000711 600.000000 7.272727
750 0.000004 0.001572 700.000000 7.592191
750 0.000006 0.001898 800.000000 7.850834
760 0.000075 0.004104 100.000000 5.649717
760 0.000040 0.001732 200.000000 6.600660
760 0.000035 0.003043 300.000000 6.912442
760 0.000002 0.002611 400.000000 6.814310
760 0.000004 0.000786 500.000000 7.288630
760 0.000002 0.000729 600.000000 7.272727
760 0.000003 0.001546 700.000000 7.616975
760 0.000008 0.001802 800.000000 7.850834
770 0.000072 0.003479 100.000000 5.714286
770 0.000045 0.002120 200.000000 6.666667
770 0.000035 0.003987 300.000000 6.802721
770 0.000002 0.002739 400.000000 6.849315
770 0.000005 0.000893 500.000000 7.331378
770 0.000001 0.000707 600.000000 7.299270
770 0.000002 0.001492 700.000000 7.650273
770 0.000005 0.001851 800.000000 7.850834
780 0.000074 0.003688 100.000000 5.813953
780 0.000044 0.003009 200.000000 6.756757
780 0.000033 0.004860 300.000000 6.802721
780 0.000004 0.003057 400.000000 6.896552
780 0.000005 0.000960 500.000000 7.396450
780 0.000002 0.000695 600.000000 7.343941
780 0.000004 0.001623 700.000000 7.700770
780 0.000007 0.002043 800.000000 7.843137
790 0.000069 0.004413 100.000000 5.988024
790 0.000039 0.003403 200.000000 6.896552
790 0.000029 0.004763 300.000000 6.864988
790 0.000008 0.003102 400.000000 6.968641
790 0.000004 0.000915 500.000000 7.462687
790 0.000007 0.000721 600.000000 7.398274
790 0.000007 0.001788 700.000000 7.751938
790 0.000017 0.002210 800.000000 7.835455
800 0.000078 0.006416 100.000000 6.211180
800 0.000041 0.005329 200.000000 7.042253
800 0.000022 0.005650 300.000000 6.928406
800 0.000014 0.003640 400.000000 7.042253
800 0.000009 0.001077 500.000000 7.541478
800 0.000011 0.000735 600.000000 7.462687
800 0.000010 0.002050 700.000000 7.812500
800 0.000018 0.002561 800.000000 7.835455
810 0.000077 0.007538 100.000000 6.451613
810 0.000039 0.006130 200.000000 7.220217
810 0.000028 0.005980 300.000000 7.009346
810 0.000015 0.003822 400.000000 7.117438
810 0.000012 0.001195 500.000000 7.621951
810 0.000013 0.000653 600.000000 7.518797
810 0.000012 0.002021 700.000000 7.874016
810 0.000017 0.002555 800.000000 7.812500
820 0.000083 0.007358 100.000000 6.622517
820 0.000038 0.006042 200.000000 7.326007
820 0.000033 0.005806 300.000000 7.075472
820 0.000018 0.003553 400.000000 7.181329
820 0.000011 0.001142 500.000000 7.692307
820 0.000016 0.000610 600.000000 7.566204
820 0.000013 0.001870 700.000000 7.918552
820 0.000020 0.002348 800.000000 7.782101
830 0.000075 0.005252 100.000000 6.666667
830 0.000036 0.004509 200.000000 7.407407
830 0.000033 0.004535 300.000000 7.109005
830 0.000013 0.002713 400.000000 7.220217
830 0.000009 0.000816 500.000000 7.739938
830 0.000013 0.000706 600.000000 7.604563
830 0.000012 0.001621 700.000000 7.963595
830 0.000018 0.001903 800.000000 7.766990
840 0.000070 0.003167 100.000000 6.622517
840 0.000036 0.003191 200.000000 7.462687
840 0.000034 0.004197 300.000000 7.109005
840 0.000010 0.002173 400.000000 7.246377
840 0.000009 0.000770 500.000000 7.776050
840 0.000011 0.000813 600.000000 7.633588
840 0.000012 0.001386 700.000000 7.990868
840 0.000015 0.001623 800.000000 7.766990
850 0.000061 0.003330 100.000000 6.535948
850 0.000037 0.003341 200.000000 7.490637
850 0.000033 0.004520 300.000000 7.109005
850 0.000013 0.002074 400.000000 7.272727
850 0.000011 0.000760 500.000000 7.788162
850 0.000009 0.000872 600.000000 7.653061
850 0.000012 0.001221 700.000000 8.009153
850 0.000015 0.001488 800.000000 7.782101
860 0.000081 0.003410 100.000000 6.451613
860 0.000042 0.003491 200.000000 7.518797
860 0.000033 0.004840 300.000000 7.075472
860 0.000009 0.002153 400.000000 7.299270
860 0.000014 0.000797 500.000000 7.800312
860 0.000010 0.000983 600.000000 7.682458
860 0.000012 0.001171 700.000000 8.027523
860 0.000014 0.001349 800.000000 7.804878
870 0.000091 0.004067 100.000000 6.410256
870 0.000044 0.004018 200.000000 7.575758
870 0.000032 0.005192 300.000000 7.009346
870 0.000008 0.002312 400.000000 7.352941
870 0.000067 0.000790 500.000000 7.800312
870 0.000007 0.001013 600.000000 7.712082
870 0.000012 0.001052 700.000000 8.064516
870 0.000016 0.001325 800.000000 7.835455
880 0.000088 0.004534 100.000000 6.578948
880 0.000046 0.004407 200.000000 7.692307
880 0.000019 0.005102 300.000000 7.009346
880 0.000010 0.002288 400.000000 7.421150
880 0.000009 0.000921 500.000000 7.836991
880 0.000010 0.001268 600.000000 7.772021
880 0.000014 0.001404 700.000000 8.101851
880 0.000016 0.001681 800.000000 7.881773
890 0.000084 0.004626 100.000000 6.802721
890 0.000038 0.004471 200.000000 7.843137
890 0.000010 0.005066 300.000000 7.042253
890 0.000007 0.002333 400.000000 7.518797
890 0.000007 0.000879 500.000000 7.861635
890 0.000007 0.001233 600.000000 7.832898
890 0.000012 0.001257 700.000000 8.158508
890 0.000015 0.001482 800.000000 7.936508
900 0.000048 0.005978 100.000000 7.042253
900 0.000025 0.005716 200.000000 8.000000
900 0.000016 0.005760 300.000000 7.109005
900 0.000014 0.002595 400.000000 7.604563
900 0.000011 0.001260 500.000000 7.788162
900 0.000012 0.001894 600.000000 7.905138
900 0.000015 0.002272 700.000000 8.215962
900 0.000012 0.002393 800.000000 7.984032
910 0.000058 0.005764 100.000000 7.352941
910 0.000030 0.004890 200.000000 8.163265
910 0.000016 0.004551 300.000000 7.177033
910 0.000013 0.002068 400.000000 7.692307
910 0.000009 0.001069 500.000000 7.704160
910 0.000010 0.001448 600.000000 7.968128
910 0.000014 0.001550 700.000000 8.264462
910 0.000013 0.001820 800.000000 8.040201
920 0.000054 0.006677 100.000000 7.575758
920 0.000034 0.006244 200.000000 8.196721
920 0.000021 0.004556 300.000000 7.228916
920 0.000018 0.002091 400.000000 7.766990
920 0.000014 0.000986 500.000000 7.704160
920 0.000011 0.001280 600.000000 8.021390
920 0.000014 0.001535 700.000000 8.293839
920 0.000013 0.001888 800.000000 8.080808
930 0.000067 0.007907 100.000000 7.751938
930 0.000042 0.007299 200.000000 8.000000
930 0.000027 0.004941 300.000000 7.263923
930 0.000020 0.002083 400.000000 7.812500
930 0.000016 0.000987 500.000000 7.704160
930 0.000014 0.001285 600.000000 8.053691
930 0.000014 0.001704 700.000000 8.303678
930 0.000013 0.002036 800.000000 8.105370
940 0.000039 0.006825 100.000000 7.874016
940 0.000039 0.006441 200.000000 7.575758
940 0.000026 0.004202 300.000000 7.299270
940 0.000020 0.001861 400.000000 7.858546
940 0.000015 0.001006 500.000000 7.704160
940 0.000013 0.001577 600.000000 8.086253
940 0.000015 0.001949 700.000000 8.293839
940 0.000013 0.002056 800.000000 8.130081
950 0.000033 0.005137 100.000000 7.936508
950 0.000039 0.006268 200.000000 7.380074
950 0.000019 0.003362 300.000000 7.317073
950 0.000016 0.001469 400.000000 7.905138
950 0.000013 0.001057 500.000000 7.727975
950 0.000011 0.001721 600.000000 8.119080
950 0.000013 0.002074 700.000000 8.235294
950 0.000012 0.002039 800.000000 8.154943
960 0.000027 0.004389 100.000000 8.064516
960 0.000028 0.006163 200.000000 7.299270
960 0.000020 0.003065 300.000000 7.334963
960 0.000017 0.001245 400.000000 7.952286
960 0.000014 0.001155 500.000000 7.751938
960 0.000013 0.001938 600.000000 8.141112
960 0.000021 0.002111 700.000000 8.101851
960 0.000012 0.002266 800.000000 8.171603
970 0.000031 0.004725 100.000000 8.130081
970 0.000024 0.006188 200.000000 7.299270
970 0.000022 0.003033 300.000000 7.371007
970 0.000017 0.001250 400.000000 8.000000
970 0.000017 0.001378 500.000000 7.776050
970 0.000013 0.002194 600.000000 8.174387
970 0.000015 0.002430 700.000000 7.972665
970 0.000011 0.002452 800.000000 8.196721
980 0.000028 0.004902 100.000000 8.264462
980 0.000023 0.006195 200.000000 7.299270
980 0.000023 0.002806 300.000000 7.407407
980 0.000019 0.001094 400.000000 8.048289
980 0.000018 0.001470 500.000000 7.812500
980 0.000015 0.002204 600.000000 8.219178
980 0.000012 0.002404 700.000000 7.936508
980 0.000011 0.002464 800.000000 8.213552
990 0.000021 0.004870 100.000000 8.403361
990 0.000018 0.005999 200.000000 7.352941
990 0.000022 0.002452 300.000000 7.444169
990 0.000017 0.000949 400.000000 8.097166
990 0.000017 0.001473 500.000000 7.849294
990 0.000013 0.002066 600.000000 8.253095
990 0.000010 0.002285 700.000000 7.954545
990 0.000011 0.002352 800.000000 8.238929
1000 0.000024 0.005493 100.000000 8.620689
1000 0.000021 0.006310 200.000000 7.380074
1000 0.000022 0.002304 300.000000 7.518797
1000 0.000018 0.000860 400.000000 8.146640
1000 0.000018 0.001758 500.000000 7.898894
1000 0.000015 0.002368 600.000000 8.298756
1000 0.000012 0.002562 700.000000 7.981756
1000 0.000013 0.002686 800.000000 8.273009
1010 0.000023 0.005221 100.000000 8.849558
1010 0.000021 0.006156 200.000000 7.407407
1010 0.000025 0.001926 300.000000 7.594937
1010 0.000019 0.000746 400.000000 8.196721
1010 0.000018 0.001848 500.000000 7.949126
1010 0.000014 0.002331 600.000000 8.344924
1010 0.000012 0.002442 700.000000 8.018328
1010 0.000012 0.002554 800.000000 8.298756
1020 0.000024 0.006036 100.000000 9.090909
1020 0.000020 0.006344 200.000000 7.352941
1020 0.000030 0.001898 300.000000 7.672634
1020 0.000081 0.001521 400.000000 8.213552
1020 0.000021 0.002126 500.000000 8.000000
1020 0.000017 0.002634 600.000000 8.379889
1020 0.000011 0.002744 700.000000 8.064516
1020 0.000013 0.002695 800.000000 8.333333
1030 0.000043 0.006282 100.000000 9.174312
1030 0.000035 0.006310 200.000000 7.220217
1030 0.000029 0.001780 300.000000 7.731959
1030 0.000023 0.001140 400.000000 8.213552
1030 0.000023 0.002288 500.000000 8.038586
1030 0.000016 0.002664 600.000000 8.415147
1030 0.000010 0.002600 700.000000 8.101851
1030 0.000011 0.002537 800.000000 8.350731
1040 0.000050 0.006027 100.000000 9.090909
1040 0.000035 0.005617 200.000000 7.092198
1040 0.000030 0.001570 300.000000 7.772021
1040 0.000019 0.001355 400.000000 7.984032
1040 0.000019 0.002443 500.000000 8.077544
1040 0.000018 0.002792 600.000000 8.426967
1040 0.000010 0.002716 700.000000 8.130081
1040 0.000010 0.002550 800.000000 8.368201
1050 0.000056 0.006748 100.000000 8.849558
1050 0.000043 0.005137 200.000000 7.042253
1050 0.000031 0.001541 300.000000 7.792208
1050 0.000020 0.001609 400.000000 7.707129
1050 0.000018 0.002849 500.000000 8.090615
1050 0.000018 0.003370 600.000000 8.415147
1050 0.000012 0.003240 700.000000 8.139535
1050 0.000009 0.003059 800.000000 8.368201
1060 0.000039 0.007590 100.000000 7.874016
1060 0.000044 0.004861 200.000000 7.017544
1060 0.000029 0.001641 300.000000 7.812500
1060 0.000020 0.002087 400.000000 7.662835
1060 0.000020 0.003353 500.000000 8.103727
1060 0.000018 0.003846 600.000000 8.379889
1060 0.000012 0.003567 700.000000 8.149011
1060 0.000008 0.003346 800.000000 8.368201
1070 0.000052 0.009144 100.000000 6.944445
1070 0.000044 0.003950 200.000000 6.993007
1070 0.000029 0.001899 300.000000 7.832898
1070 0.000023 0.002536 400.000000 7.648183
1070 0.000020 0.003847 500.000000 8.116883
1070 0.000020 0.004435 600.000000 8.310249
1070 0.000016 0.004146 700.000000 8.158508
1070 0.000010 0.003903 800.000000 8.376964
1080 0.000091 0.009394 100.000000 6.666667
1080 0.000043 0.003317 200.000000 6.993007
1080 0.000029 0.002167 300.000000 7.874016
1080 0.000024 0.002999 400.000000 7.648183
1080 0.000021 0.004040 500.000000 8.143323
1080 0.000026 0.004644 600.000000 8.163265
1080 0.000018 0.004594 700.000000 8.168028
1080 0.000013 0.004422 800.000000 8.394544
1090 0.000072 0.008865 100.000000 6.535948
1090 0.000042 0.002973 200.000000 6.993007
1090 0.000028 0.002288 300.000000 7.915567
1090 0.000024 0.003203 400.000000 7.677543
1090 0.000021 0.004162 500.000000 8.169934
1090 0.000023 0.004592 600.000000 7.947020
1090 0.000016 0.004488 700.000000 8.187135
1090 0.000013 0.004234 800.000000 8.403361
1100 0.000074 0.008683 100.000000 6.493506
1100 0.000041 0.002745 200.000000 6.993007
1100 0.000028 0.002476 300.000000 7.957560
1100 0.000025 0.003503 400.000000 7.692307
1100 0.000024 0.004280 500.000000 8.183306
1100 0.000019 0.004633 600.000000 7.874016
1100 0.000017 0.004560 700.000000 8.196721
1100 0.000016 0.004247 800.000000 8.412198
1110 0.000054 0.008574 100.000000 6.451613
1110 0.000042 0.002320 200.000000 7.017544
1110 0.000031 0.002408 300.000000 7.978724
1110 0.000024 0.003589 400.000000 7.707129
1110 0.000022 0.004169 500.000000 8.210180
1110 0.000015 0.004451 600.000000 7.863696
1110 0.000015 0.004210 700.000000 8.206330
1110 0.000015 0.003736 800.000000 8.412198
1120 0.000062 0.008267 100.000000 6.329114
1120 0.000047 0.002437 200.000000 7.042253
1120 0.000033 0.003186 300.000000 7.978724
1120 0.000027 0.004415 400.000000 7.722008
1120 0.000024 0.004949 500.000000 8.223684
1120 0.000017 0.005091 600.000000 7.874016
1120 0.000016 0.004877 700.000000 8.215962
1120 0.000015 0.004277 800.000000 8.350731
1130 0.000063 0.008615 100.000000 6.097561
1130 0.000051 0.002917 200.000000 7.092198
1130 0.000113 0.004544 300.000000 7.936508
1130 0.000033 0.005214 400.000000 7.751938
1130 0.000024 0.005675 500.000000 8.237232
1130 0.000015 0.005555 600.000000 7.905138
1130 0.000017 0.005051 700.000000 8.225616
1130 0.000009 0.004246 800.000000 8.205129
1140 0.000082 0.007506 100.000000 5.847953
1140 0.000051 0.003857 200.000000 7.142857
1140 0.000035 0.004677 300.000000 7.874016
1140 0.000030 0.005957 400.000000 7.797271
1140 0.000026 0.006411 500.000000 8.264462
1140 0.000020 0.006217 600.000000 7.936508
1140 0.000017 0.005845 700.000000 8.235294
1140 0.000010 0.004966 800.000000 8.171603
1150 0.000093 0.007361 100.000000 5.747127
1150 0.000041 0.004591 200.000000 7.220217
1150 0.000031 0.005173 300.000000 7.518797
1150 0.000028 0.006397 400.000000 7.827789
1150 0.000026 0.006737 500.000000 8.278146
1150 0.000020 0.006526 600.000000 7.968128
1150 0.000018 0.006205 700.000000 8.254717
1150 0.000011 0.005252 800.000000 8.171603
1160 0.000107 0.007096 100.000000 5.780347
1160 0.000052 0.005622 200.000000 7.299270
1160 0.000036 0.006136 300.000000 7.371007
1160 0.000029 0.007193 400.000000 7.889546
1160 0.000028 0.007576 500.000000 8.305648
1160 0.000024 0.007371 600.000000 8.010681
1160 0.000018 0.007113 700.000000 8.284023
1160 0.000013 0.005908 800.000000 8.196721
1170 0.000104 0.007043 100.000000 5.917160
1170 0.000051 0.005916 200.000000 7.434944
1170 0.000035 0.006523 300.000000 7.407407
1170 0.000030 0.007501 400.000000 7.968128
1170 0.000026 0.007833 500.000000 8.347245
1170 0.000022 0.007438 600.000000 8.064516
1170 0.000015 0.007055 700.000000 8.333333
1170 0.000010 0.005751 800.000000 8.238929
1180 0.000106 0.007598 100.000000 6.134969
1180 0.000051 0.006557 200.000000 7.633588
1180 0.000037 0.007072 300.000000 7.500000
1180 0.000031 0.007962 400.000000 8.080808
1180 0.000028 0.008287 500.000000 8.417508
1180 0.000022 0.007813 600.000000 8.141112
1180 0.000017 0.007377 700.000000 8.393286
1180 0.000011 0.005904 800.000000 8.290155
1190 0.000101 0.007430 100.000000 6.369427
1190 0.000053 0.006596 200.000000 7.843137
1190 0.000036 0.007055 300.000000 7.614213
1190 0.000031 0.008004 400.000000 8.196721
1190 0.000027 0.008246 500.000000 8.503402
1190 0.000021 0.007594 600.000000 8.219178
1190 0.000015 0.007019 700.000000 8.464329
1190 0.000010 0.005560 800.000000 8.359457
1200 0.000098 0.007554 100.000000 6.666667
1200 0.000050 0.007083 200.000000 8.064516
1200 0.000036 0.007551 300.000000 7.751938
1200 0.000032 0.008552 400.000000 8.316009
1200 0.000027 0.008735 500.000000 8.576329
1200 0.000018 0.007792 600.000000 8.298756
1200 0.000013 0.007050 700.000000 8.536586
1200 0.000009 0.005606 800.000000 8.421053
1210 0.000103 0.006981 100.000000 6.896552
1210 0.000049 0.007500 200.000000 8.264462
1210 0.000036 0.008097 300.000000 7.853403
1210 0.000029 0.009131 400.000000 8.421053
1210 0.000026 0.009259 500.000000 8.620689
1210 0.000020 0.008019 600.000000 8.368201
1210 0.000011 0.007071 700.000000 8.599508
1210 0.000008 0.005601 800.000000 8.474576
1220 0.000093 0.005312 100.000000 7.142857
1220 0.000052 0.007017 200.000000 8.438819
1220 0.000037 0.007882 300.000000 7.936508
1220 0.000027 0.008798 400.000000 8.510638
1220 0.000026 0.008878 500.000000 8.605852
1220 0.000015 0.007449 600.000000 8.426967
1220 0.000008 0.006393 700.000000 8.652658
1220 0.000008 0.005052 800.000000 8.528785
1230 0.000087 0.003590 100.000000 7.299270
1230 0.000050 0.006292 200.000000 8.620689
1230 0.000033 0.007474 300.000000 8.021390
1230 0.000025 0.008244 400.000000 8.602151
1230 0.000030 0.008102 500.000000 8.488964
1230 0.000015 0.006855 600.000000 8.474576
1230 0.000007 0.005826 700.000000 8.706468
1230 0.000008 0.004529 800.000000 8.565310
1240 0.000066 0.002671 100.000000 7.407407
1240 0.000038 0.004748 200.000000 8.771930
1240 0.000026 0.005602 300.000000 8.086253
1240 0.000018 0.005867 400.000000 8.658009
1240 0.000018 0.005444 500.000000 8.291874
1240 0.000010 0.004595 600.000000 8.522727
1240 0.000007 0.003849 700.000000 8.739077
1240 0.000006 0.002980 800.000000 8.602151
1250 0.000066 0.003176 100.000000 7.462687
1250 0.000038 0.004300 200.000000 8.888889
1250 0.000029 0.004883 300.000000 8.152174
1250 0.000018 0.004730 400.000000 8.714597
1250 0.000012 0.004312 500.000000 8.210180
1250 0.000009 0.003589 600.000000 8.547009
1250 0.000009 0.002942 700.000000 8.760951
1250 0.000006 0.002230 800.000000 8.639309
1260 0.000079 0.004110 100.000000 7.575758
1260 0.000041 0.004291 200.000000 8.968610
1260 0.000031 0.004739 300.000000 8.196721
1260 0.000017 0.004307 400.000000 8.771930
1260 0.000007 0.004054 500.000000 8.196721
1260 0.000009 0.003328 600.000000 8.571428
1260 0.000010 0.002640 700.000000 8.782936
1260 0.000008 0.001891 800.000000 8.658009
1270 0.000093 0.005795 100.000000 7.692307
1270 0.000047 0.005640 200.000000 9.049774
1270 0.000037 0.005812 300.000000 8.241758
1270 0.000025 0.005442 400.000000 8.810573
1270 0.000012 0.004948 500.000000 8.223684
1270 0.000011 0.004013 600.000000 8.595988
1270 0.000012 0.003101 700.000000 8.760951
1270 0.000008 0.002064 800.000000 8.695652
1280 0.000099 0.006384 100.000000 7.936508
1280 0.000047 0.005758 200.000000 9.132421
1280 0.000037 0.006079 300.000000 8.333333
1280 0.000022 0.005498 400.000000 8.888889
1280 0.000009 0.004734 500.000000 8.291874
1280 0.000009 0.003930 600.000000 8.633094
1280 0.000007 0.003114 700.000000 8.717310
1280 0.000008 0.002129 800.000000 8.733624
1290 0.000097 0.006879 100.000000 8.264462
1290 0.000143 0.008154 200.000000 9.259259
1290 0.000036 0.006704 300.000000 8.450705
1290 0.000026 0.006146 400.000000 8.988764
1290 0.000009 0.005299 500.000000 8.361204
1290 0.000011 0.004377 600.000000 8.695652
1290 0.000002 0.003566 700.000000 8.631319
1290 0.000008 0.002405 800.000000 8.781559
1300 0.000069 0.008440 100.000000 8.620689
1300 0.000087 0.008924 200.000000 9.389671
1300 0.000031 0.008307 300.000000 8.595988
1300 0.000019 0.007584 400.000000 9.090909
1300 0.000014 0.006489 500.000000 8.445946
1300 0.000014 0.005488 600.000000 8.759124
1300 0.000004 0.004439 700.000000 8.620689
1300 0.000006 0.003100 800.000000 8.839779
1310 0.000023 0.007495 100.000000 9.090909
1310 0.000014 0.007324 200.000000 9.478673
1310 0.000015 0.006746 300.000000 8.720930
1310 0.000017 0.005750 400.000000 9.195402
1310 0.000020 0.004751 500.000000 8.532423
1310 0.000017 0.003829 600.000000 8.823529
1310 0.000007 0.003238 700.000000 8.641975
1310 0.000001 0.002002 800.000000 8.888889
1320 0.000022 0.006781 100.000000 9.433962
1320 0.000002 0.007194 200.000000 9.049774
1320 0.000009 0.006337 300.000000 8.849558
1320 0.000018 0.005374 400.000000 9.259259
1320 0.000018 0.004389 500.000000 8.605852
1320 0.000018 0.003428 600.000000 8.875740
1320 0.000010 0.002880 700.000000 8.674102
1320 0.000005 0.001716 800.000000 8.938547
1330 0.000017 0.006579 100.000000 9.708738
1330 0.000009 0.006868 200.000000 8.510638
1330 0.000006 0.006119 300.000000 8.928572
1330 0.000014 0.005287 400.000000 9.280743
1330 0.000020 0.004164 500.000000 8.650519
1330 0.000018 0.003242 600.000000 8.902077
1330 0.000011 0.002606 700.000000 8.695652
1330 0.000003 0.001542 800.000000 8.968610
1340 0.000018 0.006692 100.000000 9.900990
1340 0.000007 0.007030 200.000000 8.403361
1340 0.000007 0.006504 300.000000 8.982036
1340 0.000014 0.005813 400.000000 9.280743
1340 0.000019 0.004342 500.000000 8.680555
1340 0.000019 0.003335 600.000000 8.928572
1340 0.000008 0.002591 700.000000 8.717310
1340 0.000004 0.001657 800.000000 8.998875
1350 0.000014 0.006797 100.000000 10.101010
1350 0.000006 0.006948 200.000000 8.368201
1350 0.000003 0.006495 300.000000 9.036144
1350 0.000014 0.006025 400.000000 9.195402
1350 0.000017 0.004197 500.000000 8.710801
1350 0.000018 0.003199 600.000000 8.941877
1350 0.000006 0.002553 700.000000 8.739077
1350 0.000005 0.001611 800.000000 9.009009
1360 0.000020 0.006830 100.000000 10.204082
1360 0.000010 0.006898 200.000000 8.403361
1360 0.000008 0.006377 300.000000 9.063444
1360 0.000017 0.005788 400.000000 9.029346
1360 0.000018 0.004049 500.000000 8.726004
1360 0.000018 0.003120 600.000000 8.968610
1360 0.000005 0.002450 700.000000 8.760951
1360 0.000004 0.001580 800.000000 9.029346
1370 0.000018 0.006922 100.000000 10.526316
1370 0.000005 0.006943 200.000000 8.438819
1370 0.000007 0.006375 300.000000 9.118541
1370 0.000021 0.005457 400.000000 8.658009
1370 0.000018 0.003929 500.000000 8.756567
1370 0.000019 0.002924 600.000000 8.982036
1370 0.000005 0.002207 700.000000 8.782936
1370 0.000006 0.001508 800.000000 9.039548
1380 0.000010 0.006234 100.000000 10.638298
1380 0.000007 0.006475 200.000000 8.474576
1380 0.000010 0.005675 300.000000 9.174312
1380 0.000023 0.004755 400.000000 8.403361
1380 0.000020 0.003446 500.000000 8.771930
1380 0.000020 0.002683 600.000000 8.995502
1380 0.000005 0.001875 700.000000 8.805032
1380 0.000004 0.001248 800.000000 9.049774
1390 0.000010 0.005935 100.000000 10.752688
1390 0.000018 0.006193 200.000000 8.510638
1390 0.000016 0.005330 300.000000 9.202454
1390 0.000024 0.004513 400.000000 8.350731
1390 0.000021 0.003336 500.000000 8.787346
1390 0.000022 0.002746 600.000000 8.995502
1390 0.000004 0.001819 700.000000 8.827238
1390 0.000004 0.001181 800.000000 9.049774
1400 0.000000 0.006783 100.000000 10.752688
1400 0.000012 0.006725 200.000000 8.510638
1400 0.000018 0.005872 300.000000 9.230769
1400 0.000022 0.004787 400.000000 8.350731
1400 0.000022 0.003518 500.000000 8.771930
1400 0.000021 0.002697 600.000000 8.928572
1400 0.000005 0.001832 700.000000 8.838384
1400 0.000006 0.001296 800.000000 9.039548
1410 0.000300 0.010385 100.000000 10.309278
1410 0.000018 0.007123 200.000000 8.510638
1410 0.000019 0.006062 300.000000 9.202454
1410 0.000028 0.004726 400.000000 8.368201
1410 0.000026 0.003411 500.000000 8.771930
1410 0.000017 0.002848 600.000000 8.670520
1410 0.000006 0.001746 700.000000 8.849558
1410 0.000008 0.001293 800.000000 8.978676
1420 0.000013 0.008102 100.000000 9.615385
1420 0.000014 0.006877 200.000000 8.510638
1420 0.000024 0.005570 300.000000 9.174312
1420 0.000027 0.004241 400.000000 8.385744
1420 0.000025 0.003240 500.000000 8.741259
1420 0.000010 0.002897 600.000000 8.559201
1420 0.000005 0.001685 700.000000 8.849558
1420 0.000009 0.001281 800.000000 8.064516
1430 0.000020 0.007898 100.000000 7.575758
1430 0.000017 0.006805 200.000000 8.510638
1430 0.000025 0.005575 300.000000 9.118541
1430 0.000028 0.004016 400.000000 8.385744
1430 0.000025 0.003157 500.000000 8.741259
1430 0.000012 0.002888 600.000000 8.522727
1430 0.000004 0.001627 700.000000 8.860760
1430 0.000010 0.001331 800.000000 7.984032
1440 0.000018 0.007487 100.000000 7.194244
1440 0.000016 0.006673 200.000000 8.547009
1440 0.000026 0.005733 300.000000 9.036144
1440 0.000027 0.003798 400.000000 8.403361
1440 0.000026 0.002926 500.000000 8.726004
1440 0.000009 0.002461 600.000000 8.522727
1440 0.000005 0.001419 700.000000 8.860760
1440 0.000005 0.001281 800.000000 7.968128
1450 0.000025 0.007250 100.000000 7.042253
1450 0.000020 0.006224 200.000000 8.547009
1450 0.000022 0.005652 300.000000 8.849558
1450 0.000026 0.003503 400.000000 8.403361
1450 0.000025 0.003060 500.000000 8.726004
1450 0.000008 0.002587 600.000000 8.534851
1450 0.000005 0.001489 700.000000 8.860760
1450 0.000002 0.001106 800.000000 7.968128
1460 0.000030 0.007569 100.000000 6.993007
1460 0.000018 0.006578 200.000000 8.510638
1460 0.000033 0.005633 300.000000 8.403361
1460 0.000027 0.003650 400.000000 8.385744
1460 0.000024 0.003013 500.000000 8.710801
1460 0.000005 0.002328 600.000000 8.534851
1460 0.000006 0.001556 700.000000 8.849558
1460 0.000003 0.000911 800.000000 7.968128
1470 0.000022 0.007235 100.000000 6.944445
1470 0.000017 0.006312 200.000000 8.510638
1470 0.000037 0.004946 300.000000 7.874016
1470 0.000027 0.003440 400.000000 8.368201
1470 0.000024 0.003000 500.000000 8.710801
1470 0.000006 0.002116 600.000000 8.534851
1470 0.000006 0.001513 700.000000 8.838384
1470 0.000004 0.000735 800.000000 7.968128
1480 0.000028 0.006865 100.000000 6.944445
1480 0.000023 0.005618 200.000000 8.510638
1480 0.000032 0.004464 300.000000 7.731959
1480 0.000027 0.003238 400.000000 8.368201
1480 0.000026 0.002990 500.000000 8.695652
1480 0.000004 0.001957 600.000000 8.547009
1480 0.000005 0.001407 700.000000 8.827238
1480 0.000003 0.000552 800.000000 7.960199
1490 0.000025 0.006853 100.000000 6.944445
1490 0.000020 0.005730 200.000000 8.547009
1490 0.000029 0.004331 300.000000 7.731959
1490 0.000027 0.003235 400.000000 8.368201
1490 0.000026 0.002855 500.000000 8.635578
1490 0.000006 0.001893 600.000000 8.559201
1490 0.000007 0.001499 700.000000 8.827238
1490 0.000004 0.000492 800.000000 7.968128
1500 0.000066 0.010295 100.000000 7.042253
1500 0.000047 0.009013 200.000000 8.620689
1500 0.000047 0.006783 300.000000 7.792208
1500 0.000040 0.005586 400.000000 8.385744
1500 0.000030 0.005307 500.000000 8.488964
1500 0.000011 0.003498 600.000000 8.595988
1500 0.000015 0.002823 700.000000 8.805032
1500 0.000008 0.000981 800.000000 7.984032
1510 0.000341 0.035945 100.000000 7.246377
1510 0.000174 0.034745 200.000000 8.733624
1510 0.000120 0.030040 300.000000 7.874016
1510 0.000088 0.026149 400.000000 8.438819
1510 0.000063 0.021588 500.000000 8.333333
1510 0.000052 0.013496 600.000000 8.645534
1510 0.000047 0.009533 700.000000 8.771930
1510 0.000042 0.003609 800.000000 8.008008
1520 0.000021 0.005953 100.000000 7.462687
1520 0.000029 0.004349 200.000000 8.849558
1520 0.000035 0.003159 300.000000 7.978724
1520 0.000029 0.002469 400.000000 8.510638
1520 0.000014 0.002705 500.000000 8.333333
1520 0.000007 0.001631 600.000000 8.695652
1520 0.000009 0.001542 700.000000 7.874016
1520 0.000004 0.000409 800.000000 8.040201
1530 0.000031 0.005622 100.000000 7.874016
1530 0.000034 0.003936 200.000000 9.090909
1530 0.000034 0.002924 300.000000 8.108109
1530 0.000031 0.002430 400.000000 8.620689
1530 0.000014 0.002690 500.000000 8.403361
1530 0.000008 0.001540 600.000000 8.784773
1530 0.000010 0.001511 700.000000 7.874016
1530 0.000004 0.000361 800.000000 8.088979
1540 0.000023 0.005473 100.000000 8.403361
1540 0.000036 0.003954 200.000000 9.433962
1540 0.000031 0.002930 300.000000 8.310249
1540 0.000029 0.002681 400.000000 8.771930
1540 0.000015 0.002851 500.000000 8.517887
1540 0.000007 0.001746 600.000000 8.888889
1540 0.000010 0.001644 700.000000 7.927520
1540 0.000006 0.000417 800.000000 8.154943
1550 0.000021 0.005180 100.000000 9.009009
1550 0.000029 0.003818 200.000000 9.756098
1550 0.000030 0.002792 300.000000 8.498584
1550 0.000027 0.002571 400.000000 8.908686
1550 0.000016 0.002698 500.000000 8.620689
1550 0.000005 0.001610 600.000000 8.995502
1550 0.000011 0.001601 700.000000 7.990868
1550 0.000006 0.000364 800.000000 8.221993
1560 0.000027 0.006205 100.000000 9.615385
1560 0.000031 0.004695 200.000000 10.050251
1560 0.000030 0.003370 300.000000 8.670520
1560 0.000026 0.003025 400.000000 9.049774
1560 0.000011 0.002974 500.000000 8.726004
1560 0.000002 0.001947 600.000000 9.090909
1560 0.000014 0.001847 700.000000 8.036739
1560 0.000006 0.000408 800.000000 8.281573
1570 0.000038 0.006124 100.000000 10.000000
1570 0.000021 0.004944 200.000000 10.256411
1570 0.000025 0.003201 300.000000 8.797654
1570 0.000022 0.002668 400.000000 9.132421
1570 0.000010 0.002570 500.000000 8.787346
1570 0.000004 0.001841 600.000000 9.160305
1570 0.000011 0.001817 700.000000 8.064516
1570 0.000008 0.000356 800.000000 8.316009
1580 0.000014 0.005840 100.000000 10.416667
1580 0.000025 0.004787 200.000000 10.256411
1580 0.000026 0.002808 300.000000 8.875740
1580 0.000026 0.002287 400.000000 9.195402
1580 0.000011 0.002069 500.000000 8.833922
1580 0.000007 0.001487 600.000000 9.202454
1580 0.000006 0.001506 700.000000 8.083141
1580 0.000006 0.000332 800.000000 8.350731
1590 0.000021 0.005953 100.000000 10.638298
1590 0.000023 0.005136 200.000000 10.050251
1590 0.000029 0.002840 300.000000 8.928572
1590 0.000029 0.002739 400.000000 9.237875
1590 0.000009 0.002521 500.000000 8.880995
1590 0.000006 0.001863 600.000000 9.230769
1590 0.000004 0.001573 700.000000 8.101851
1590 0.000006 0.000443 800.000000 8.368201
1600 0.000013 0.005927 100.000000 10.752688
1600 0.000034 0.004749 200.000000 9.433962
1600 0.000034 0.002635 300.000000 8.928572
1600 0.000030 0.002285 400.000000 9.259259
1600 0.000010 0.001983 500.000000 8.896797
1600 0.000007 0.001685 600.000000 9.244992
1600 0.000006 0.001304 700.000000 8.111239
1600 0.000007 0.000451 800.000000 8.376964
1610 0.000014 0.005855 100.000000 10.752688
1610 0.000043 0.004331 200.000000 8.510638
1610 0.000033 0.002479 300.000000 8.955224
1610 0.000030 0.002484 400.000000 9.259259
1610 0.000009 0.001943 500.000000 8.912656
1610 0.000009 0.001788 600.000000 9.244992
1610 0.000005 0.001195 700.000000 8.120649
1610 0.000006 0.000383 800.000000 8.376964
1620 0.000022 0.004879 100.000000 10.869565
1620 0.000037 0.003892 200.000000 8.196721
1620 0.000032 0.002230 300.000000 8.955224
1620 0.000031 0.002071 400.000000 9.259259
1620 0.000010 0.001488 500.000000 8.944544
1620 0.000009 0.001545 600.000000 9.244992
1620 0.000007 0.000932 700.000000 8.120649
1620 0.000010 0.000412 800.000000 8.368201
1630 0.000046 0.004224 100.000000 10.869565
1630 0.000050 0.003170 200.000000 8.130081
1630 0.000038 0.002298 300.000000 8.928572
1630 0.000037 0.002992 400.000000 9.195402
1630 0.000009 0.001942 500.000000 8.960573
1630 0.000009 0.001790 600.000000 9.216590
1630 0.000003 0.000939 700.000000 8.120649
1630 0.000007 0.000458 800.000000 8.368201
1640 0.000033 0.004860 100.000000 10.869565
1640 0.000048 0.003344 200.000000 8.163265
1640 0.000041 0.001781 300.000000 8.928572
1640 0.000029 0.002515 400.000000 8.908686
1640 0.000012 0.001737 500.000000 8.960573
1640 0.000013 0.002040 600.000000 9.174312
1640 0.000005 0.001113 700.000000 8.120649
1640 0.000009 0.000798 800.000000 8.376964
1650 0.000080 0.003074 100.000000 10.752688
1650 0.000063 0.002231 200.000000 8.196721
1650 0.000050 0.002908 300.000000 8.875740
1650 0.000024 0.004119 400.000000 8.583691
1650 0.000013 0.002559 500.000000 8.976661
1650 0.000014 0.002486 600.000000 8.941877
1650 0.000003 0.001241 700.000000 8.111239
1650 0.000007 0.000802 800.000000 8.376964
1660 0.000061 0.003855 100.000000 10.526316
1660 0.000053 0.002089 200.000000 8.196721
1660 0.000041 0.002144 300.000000 8.849558
1660 0.000024 0.002986 400.000000 8.510638
1660 0.000010 0.002109 500.000000 8.976661
1660 0.000011 0.002191 600.000000 7.822686
1660 0.000005 0.001132 700.000000 8.111239
1660 0.000006 0.000993 800.000000 8.368201
1670 0.000048 0.004836 100.000000 10.204082
1670 0.000045 0.002292 200.000000 8.230453
1670 0.000037 0.001677 300.000000 8.823529
1670 0.000020 0.002039 400.000000 8.492569
1670 0.000011 0.001803 500.000000 8.976661
1670 0.000008 0.002121 600.000000 7.792208
1670 0.000008 0.001118 700.000000 8.111239
1670 0.000010 0.001128 800.000000 8.350731
1680 0.000047 0.005560 100.000000 9.708738
1680 0.000050 0.001705 200.000000 8.230453
1680 0.000041 0.001747 300.000000 8.823529
1680 0.000016 0.002301 400.000000 8.492569
1680 0.000012 0.002306 500.000000 8.976661
1680 0.000008 0.002302 600.000000 7.782101
1680 0.000008 0.001301 700.000000 8.111239
1680 0.000010 0.001333 800.000000 8.342023
1690 0.000061 0.005006 100.000000 8.620689
1690 0.000040 0.001387 200.000000 8.196721
1690 0.000038 0.002045 300.000000 8.823529
1690 0.000013 0.002156 400.000000 8.510638
1690 0.000010 0.002269 500.000000 8.976661
1690 0.000008 0.002019 600.000000 7.782101
1690 0.000010 0.001200 700.000000 8.111239
1690 0.000008 0.001424 800.000000 8.333333
1700 0.000061 0.004189 100.000000 7.042253
1700 0.000039 0.001686 200.000000 8.196721
1700 0.000036 0.002099 300.000000 8.797654
1700 0.000013 0.001913 400.000000 8.510638
1700 0.000013 0.002239 500.000000 8.960573
1700 0.000010 0.001798 600.000000 7.782101
1700 0.000012 0.001216 700.000000 8.101851
1700 0.000010 0.001591 800.000000 8.333333
1710 0.000066 0.005228 100.000000 6.493506
1710 0.000043 0.002001 200.000000 8.163265
1710 0.000038 0.001879 300.000000 8.771930
1710 0.000016 0.001851 400.000000 8.528785
1710 0.000015 0.002307 500.000000 8.944544
1710 0.000012 0.001881 600.000000 7.782101
1710 0.000013 0.001604 700.000000 8.092485
1710 0.000015 0.001834 800.000000 8.333333
1720 0.000078 0.003651 100.000000 6.410256
1720 0.000045 0.001996 200.000000 8.130081
1720 0.000043 0.002846 300.000000 8.695652
1720 0.000013 0.002228 400.000000 8.547009
1720 0.000012 0.002444 500.000000 8.928572
1720 0.000008 0.001684 600.000000 7.772021
1720 0.000012 0.001354 700.000000 8.083141
1720 0.000012 0.001420 800.000000 8.333333
1730 0.000075 0.002647 100.000000 6.451613
1730 0.000049 0.001921 200.000000 8.130081
1730 0.000033 0.003058 300.000000 8.379889
1730 0.000013 0.002492 400.000000 8.547009
1730 0.000014 0.002886 500.000000 8.865249
1730 0.000009 0.001883 600.000000 7.772021
1730 0.000012 0.001611 700.000000 8.092485
1730 0.000013 0.001717 800.000000 8.324662
1740 0.000070 0.003495 100.000000 6.535948
1740 0.000047 0.002027 200.000000 8.130081
1740 0.000025 0.002539 300.000000 8.021390
1740 0.000016 0.002176 400.000000 8.583691
1740 0.000015 0.002778 500.000000 8.695652
1740 0.000011 0.001762 600.000000 7.782101
1740 0.000014 0.001687 700.000000 8.101851
1740 0.000014 0.002020 800.000000 8.316009
1750 0.000053 0.003737 100.000000 6.622517
1750 0.000040 0.002538 200.000000 8.130081
1750 0.000027 0.002294 300.000000 7.978724
1750 0.000023 0.002050 400.000000 8.620689
1750 0.000019 0.002553 500.000000 7.440476
1750 0.000015 0.001699 600.000000 7.792208
1750 0.000016 0.001938 700.000000 8.111239
1750 0.000016 0.002511 800.000000 8.324662
1760 0.000065 0.002729 100.000000 6.711410
1760 0.000047 0.002042 200.000000 8.163265
1760 0.000030 0.002348 300.000000 7.978724
1760 0.000018 0.002186 400.000000 8.658009
1760 0.000017 0.002678 500.000000 7.418397
1760 0.000013 0.001596 600.000000 7.802341
1760 0.000013 0.001731 700.000000 8.120649
1760 0.000015 0.002327 800.000000 8.342023
1770 0.000056 0.002241 100.000000 6.849315
1770 0.000052 0.001755 200.000000 8.230453
1770 0.000024 0.002401 300.000000 8.042895
1770 0.000023 0.002877 400.000000 8.695652
1770 0.000018 0.002974 500.000000 7.429420
1770 0.000016 0.002046 600.000000 7.832898
1770 0.000016 0.002375 700.000000 8.130081
1770 0.000017 0.003120 800.000000 8.368201
1780 0.000052 0.001900 100.000000 7.042253
1780 0.000050 0.001715 200.000000 8.368201
1780 0.000024 0.002547 300.000000 8.108109
1780 0.000022 0.003113 400.000000 8.771930
1780 0.000017 0.003085 500.000000 7.462687
1780 0.000017 0.002167 600.000000 7.874016
1780 0.000017 0.002450 700.000000 8.158508
1780 0.000016 0.003181 800.000000 8.403361
1790 0.000069 0.001887 100.000000 7.246377
1790 0.000058 0.002516 200.000000 8.547009
1790 0.000026 0.003438 300.000000 8.219178
1790 0.000020 0.003862 400.000000 8.869180
1790 0.000014 0.003755 500.000000 7.518797
1790 0.000015 0.002781 600.000000 7.926024
1790 0.000016 0.002764 700.000000 8.196721
1790 0.000016 0.003163 800.000000 8.447730
1800 0.000068 0.001224 100.000000 7.575758
1800 0.000058 0.002123 200.000000 8.733624
1800 0.000029 0.002785 300.000000 8.356546
1800 0.000020 0.003294 400.000000 8.968610
1800 0.000017 0.003255 500.000000 7.587254
1800 0.000018 0.002551 600.000000 7.978724
1800 0.000015 0.002631 700.000000 8.244994
1800 0.000017 0.003090 800.000000 8.501594
1810 0.000099 0.005559 100.000000 7.936508
1810 0.000076 0.005550 200.000000 9.009009
1810 0.000046 0.004273 300.000000 8.522727
1810 0.000030 0.003963 400.000000 9.111617
1810 0.000026 0.003822 500.000000 7.656968
1810 0.000024 0.003281 600.000000 8.053691
1810 0.000021 0.003241 700.000000 8.313540
1810 0.000020 0.003854 800.000000 8.565310
1820 0.000086 0.005143 100.000000 8.474576
1820 0.000067 0.004504 200.000000 9.302325
1820 0.000037 0.003516 300.000000 8.720930
1820 0.000028 0.003587 400.000000 9.259259
1820 0.000023 0.003502 500.000000 7.751938
1820 0.000022 0.003191 600.000000 8.130081
1820 0.000018 0.003339 700.000000 8.383233
1820 0.000020 0.003857 800.000000 8.629990
1830 0.000048 0.003969 100.000000 9.009009
1830 0.000046 0.003186 200.000000 9.615385
1830 0.000030 0.002605 300.000000 8.902077
1830 0.000024 0.002926 400.000000 9.411765
1830 0.000022 0.002492 500.000000 7.836991
1830 0.000023 0.002298 600.000000 8.207934
1830 0.000021 0.003046 700.000000 8.464329
1830 0.000019 0.003838 800.000000 8.695652
1840 0.000048 0.004949 100.000000 9.615385
1840 0.000049 0.003913 200.000000 9.950249
1840 0.000035 0.002807 300.000000 9.118541
1840 0.000029 0.003123 400.000000 9.569378
1840 0.000026 0.002696 500.000000 7.923930
1840 0.000026 0.002746 600.000000 8.287292
1840 0.000021 0.003614 700.000000 8.536586
1840 0.000021 0.004433 800.000000 8.771930
1850 0.000046 0.005795 100.000000 10.204082
1850 0.000047 0.004677 200.000000 10.309278
1850 0.000034 0.003640 300.000000 9.287926
1850 0.000028 0.003518 400.000000 9.708738
1850 0.000026 0.002450 500.000000 8.012820
1850 0.000023 0.001999 600.000000 8.356546
1850 0.000020 0.002759 700.000000 8.610086
1850 0.000020 0.003658 800.000000 8.830022
1860 0.000047 0.004818 100.000000 10.752688
1860 0.000042 0.004097 200.000000 10.526316
1860 0.000029 0.003606 300.000000 9.433962
1860 0.000025 0.003617 400.000000 9.828010
1860 0.000022 0.002318 500.000000 8.064516
1860 0.000022 0.001592 600.000000 8.403361
1860 0.000020 0.002258 700.000000 8.663366
1860 0.000018 0.003152 800.000000 8.879024
1870 0.000032 0.004962 100.000000 10.869565
1870 0.000036 0.004340 200.000000 10.582010
1870 0.000028 0.003892 300.000000 9.523809
1870 0.000023 0.003870 400.000000 9.852217
1870 0.000022 0.002207 500.000000 8.090615
1870 0.000023 0.001601 600.000000 8.426967
1870 0.000020 0.002352 700.000000 8.684863
1880 0.000023 0.005491 100.000000 10.869565
1880 0.000026 0.004762 200.000000 10.152285
1880 0.000026 0.004242 300.000000 9.554140
1880 0.000019 0.004432 400.000000 9.803922
1880 0.000024 0.002272 500.000000 8.090615
1880 0.000020 0.001553 600.000000 8.426967
1880 0.000018 0.002279 700.000000 8.674102
1890 0.000031 0.006105 100.000000 10.638298
1890 0.000027 0.005043 200.000000 9.049774
1890 0.000034 0.004366 300.000000 9.523809
1890 0.000020 0.004636 400.000000 9.546539
1890 0.000025 0.002092 500.000000 8.077544
1890 0.000020 0.001970 600.000000 8.426967
1890 0.000021 0.002967 700.000000 8.641975
1900 0.000027 0.005288 100.000000 10.416667
1900 0.000037 0.004430 200.000000 8.810573
1900 0.000029 0.004249 300.000000 9.523809
1900 0.000032 0.004164 400.000000 7.648183
1900 0.000027 0.002187 500.000000 8.051530
1900 0.000022 0.002497 600.000000 8.415147
1900 0.000020 0.003488 700.000000 8.631319
1910 0.000024 0.004711 100.000000 10.204082
1910 0.000041 0.004847 200.000000 8.733624
1910 0.000030 0.004665 300.000000 9.523809
1910 0.000031 0.004236 400.000000 7.575758
1910 0.000027 0.001985 500.000000 8.038586
1910 0.000021 0.002490 600.000000 8.391608
1910 0.000021 0.003652 700.000000 8.620689
1920 0.000051 0.005099 100.000000 10.204082
1920 0.000044 0.004854 200.000000 8.733624
1920 0.000036 0.004810 300.000000 9.523809
1920 0.000034 0.003839 400.000000 7.561437
1920 0.000028 0.002026 500.000000 8.051530
1920 0.000024 0.002991 600.000000 8.368201
1920 0.000021 0.004369 700.000000 8.620689
1930 0.000045 0.005430 100.000000 10.204082
1930 0.000048 0.004721 200.000000 8.771930
1930 0.000032 0.004745 300.000000 9.523809
1930 0.000034 0.003670 400.000000 7.561437
1930 0.000031 0.002328 500.000000 8.051530
1930 0.000023 0.003586 600.000000 8.356546
1930 0.000022 0.004813 700.000000 8.631319
1940 0.000052 0.004740 100.000000 10.204082
1940 0.000039 0.004168 200.000000 8.810573
1940 0.000027 0.004476 300.000000 9.523809
1940 0.000030 0.003195 400.000000 7.575758
1940 0.000028 0.002225 500.000000 8.051530
1940 0.000024 0.003415 600.000000 8.368201
1940 0.000020 0.004443 700.000000 8.641975
1950 0.000046 0.005262 100.000000 10.204082
1950 0.000043 0.004398 200.000000 8.849558
1950 0.000034 0.004589 300.000000 9.523809
1950 0.000031 0.003564 400.000000 7.575758
1950 0.000027 0.003515 500.000000 8.038586
1950 0.000026 0.004639 600.000000 8.368201
1950 0.000022 0.005686 700.000000 8.652658
1960 0.000046 0.005623 100.000000 10.101010
1960 0.000044 0.004657 200.000000 8.888889
1960 0.000034 0.004743 300.000000 9.493670
1960 0.000031 0.003270 400.000000 7.575758
1960 0.000029 0.003428 500.000000 8.038586
1960 0.000025 0.004318 600.000000 8.379889
1970 0.000028 0.006346 100.000000 9.433962
1970 0.000051 0.004979 200.000000 8.968610
1970 0.000032 0.005242 300.000000 9.463722
1970 0.000037 0.003403 400.000000 7.590133
1970 0.000029 0.003776 500.000000 8.051530
1970 0.000025 0.004813 600.000000 8.379889
1980 0.000049 0.004764 100.000000 8.000000
1980 0.000052 0.004650 200.000000 9.009009
1980 0.000033 0.005162 300.000000 9.287926
1980 0.000036 0.003953 400.000000 7.590133
1980 0.000030 0.004858 500.000000 8.064516
1980 0.000027 0.005880 600.000000 8.368201
1990 0.000085 0.005093 100.000000 7.633588
1990 0.000048 0.004973 200.000000 9.049774
1990 0.000038 0.005149 300.000000 7.109005
1990 0.000037 0.003366 400.000000 7.604563
1990 0.000030 0.004203 500.000000 8.077544
1990 0.000027 0.005398 600.000000 8.368201
2000 0.000085 0.005830 100.000000 7.518797
2000 0.000051 0.005641 200.000000 9.132421
2000 0.000051 0.005190 300.000000 6.976744
2000 0.000038 0.003071 400.000000 7.604563
2000 0.000027 0.004051 500.000000 8.077544
2000 0.000026 0.005339 600.000000 8.379889
2010 0.000088 0.007566 100.000000 7.575758
2010 0.000055 0.007645 200.000000 9.132421
2010 0.000049 0.006169 300.000000 6.944445
2010 0.000039 0.003732 400.000000 7.619048
2010 0.000029 0.004606 500.000000 8.064516
2010 0.000025 0.005789 600.000000 8.391608
2020 0.000068 0.006924 100.000000 7.575758
2020 0.000049 0.007961 200.000000 9.174312
2020 0.000045 0.006410 300.000000 6.944445
2020 0.000038 0.004397 400.000000 7.633588
2020 0.000024 0.005379 500.000000 8.051530
2020 0.000023 0.006326 600.000000 8.403361
2030 0.000072 0.006423 100.000000 7.633588
2030 0.000046 0.007450 200.000000 9.132421
2030 0.000046 0.006188 300.000000 6.944445
2030 0.000037 0.004982 400.000000 7.633588
2030 0.000026 0.006209 500.000000 8.051530
2030 0.000025 0.007202 600.000000 8.403361
2040 0.000099 0.006180 100.000000 7.692307
2040 0.000047 0.007212 200.000000 9.132421
2040 0.000047 0.005833 300.000000 6.944445
2040 0.000038 0.005437 400.000000 7.619048
2040 0.000031 0.006775 500.000000 8.051530
2040 0.000027 0.007779 600.000000 8.415147
2050 0.000107 0.006396 100.000000 7.751938
2050 0.000064 0.006881 200.000000 9.132421
2050 0.000052 0.006147 300.000000 6.960557
2050 0.000039 0.006828 400.000000 7.619048
2050 0.000034 0.007952 500.000000 8.064516
2060 0.000115 0.006475 100.000000 7.936508
2060 0.000067 0.007385 200.000000 9.174312
2060 0.000056 0.006788 300.000000 6.993007
2060 0.000042 0.007741 400.000000 7.648183
2060 0.000035 0.008691 500.000000 8.090615
2070 0.000104 0.006025 100.000000 8.196721
2070 0.000059 0.006810 200.000000 9.302325
2070 0.000055 0.006597 300.000000 7.058824
2070 0.000041 0.007677 400.000000 7.707129
2070 0.000036 0.008624 500.000000 8.143323
2080 0.000103 0.005783 100.000000 8.620689
2080 0.000051 0.006544 200.000000 9.478673
2080 0.000052 0.005839 300.000000 7.142857
2080 0.000038 0.006988 400.000000 7.797271
2080 0.000033 0.007991 500.000000 8.210180
2090 0.000081 0.006613 100.000000 9.259259
2090 0.000037 0.007092 200.000000 9.756098
2090 0.000043 0.004843 300.000000 7.263923
2090 0.000032 0.005304 400.000000 7.905138
2090 0.000026 0.005987 500.000000 8.305648
2100 0.000070 0.007450 100.000000 9.900990
2100 0.000031 0.007628 200.000000 9.950249
2100 0.000044 0.005206 300.000000 7.389163
2100 0.000029 0.005435 400.000000 8.016032
2100 0.000024 0.005945 500.000000 8.389262
2110 0.000065 0.007830 100.000000 10.526316
2110 0.000022 0.008142 200.000000 9.950249
2110 0.000036 0.005607 300.000000 7.500000
2110 0.000021 0.005599 400.000000 8.113590
2110 0.000023 0.005844 500.000000 8.474576
2120 0.000030 0.008993 100.000000 10.989011
2120 0.000046 0.008509 200.000000 6.849315
2120 0.000031 0.006361 300.000000 7.575758
2120 0.000020 0.006112 400.000000 8.179959
2120 0.000018 0.006069 500.000000 8.517887
2130 0.000053 0.009791 100.000000 11.235955
2130 0.000069 0.008408 200.000000 6.688963
2130 0.000035 0.007035 300.000000 7.594937
2130 0.000022 0.007273 400.000000 8.213552
2130 0.000020 0.007462 500.000000 8.547009
2140 0.000044 0.010262 100.000000 11.363636
2140 0.000052 0.007622 200.000000 6.644518
2140 0.000033 0.006438 300.000000 7.614213
2140 0.000021 0.006897 400.000000 8.196721
2140 0.000019 0.006961 500.000000 8.561644
2150 0.000036 0.009621 100.000000 11.363636
2150 0.000036 0.006732 200.000000 6.622517
2150 0.000028 0.005246 300.000000 7.614213
2150 0.000015 0.006038 400.000000 8.146640
2150 0.000017 0.006184 500.000000 8.561644
2160 0.000026 0.008446 100.000000 11.235955
2160 0.000034 0.006323 200.000000 6.622517
2160 0.000026 0.004993 300.000000 7.594937
2160 0.000018 0.005810 400.000000 8.130081
2160 0.000018 0.006041 500.000000 8.561644
2170 0.000028 0.007544 100.000000 11.111111
2170 0.000030 0.005498 200.000000 6.600660
2170 0.000022 0.004830 300.000000 7.575758
2170 0.000015 0.005374 400.000000 8.130081
2170 0.000018 0.005583 500.000000 8.547009
2180 0.000032 0.006678 100.000000 10.869565
2180 0.000025 0.005165 200.000000 6.578948
2180 0.000023 0.004980 300.000000 7.537688
2180 0.000020 0.005125 400.000000 8.130081
2190 0.000033 0.007577 100.000000 10.526316
2190 0.000035 0.005527 200.000000 6.557377
2190 0.000021 0.005310 300.000000 7.518797
2190 0.000020 0.005366 400.000000 8.097166
2200 0.000028 0.008049 100.000000 9.900990
2200 0.000036 0.005726 200.000000 6.535948
2200 0.000017 0.005973 300.000000 7.518797
2200 0.000014 0.005799 400.000000 8.064516
2210 0.000077 0.007028 100.000000 4.901961
2210 0.000035 0.005291 200.000000 6.514658
2210 0.000019 0.005650 300.000000 7.518797
2210 0.000020 0.005502 400.000000 8.032128
2220 0.000100 0.005820 100.000000 4.694836
2220 0.000033 0.004882 200.000000 6.493506
2220 0.000014 0.005651 300.000000 7.481297
2220 0.000017 0.005553 400.000000 8.032128
2230 0.000059 0.004148 100.000000 4.651163
2230 0.000026 0.005312 200.000000 6.493506
2230 0.000011 0.006225 300.000000 7.444169
2230 0.000013 0.006052 400.000000 8.032128
2240 0.000064 0.003888 100.000000 4.651163
2240 0.000037 0.004856 200.000000 6.514658
2240 0.000022 0.005980 300.000000 7.425743
2240 0.000018 0.006145 400.000000 8.048289
2250 0.000053 0.004803 100.000000 4.651163
2250 0.000029 0.004891 200.000000 6.514658
2250 0.000013 0.005683 300.000000 7.425743
2250 0.000016 0.005721 400.000000 8.064516
2260 0.000060 0.005487 100.000000 4.672897
2260 0.000026 0.005753 200.000000 6.514658
2260 0.000015 0.006055 300.000000 7.444169
2260 0.000017 0.006087 400.000000 8.064516
2270 0.000048 0.005910 100.000000 4.672897
2270 0.000025 0.006130 200.000000 6.493506
2270 0.000019 0.005771 300.000000 7.462687
2280 0.000058 0.006526 100.000000 4.716981
2280 0.000022 0.006489 200.000000 6.535948
2280 0.000018 0.005864 300.000000 7.481297
2290 0.000071 0.007298 100.000000 4.761905
2290 0.000033 0.007030 200.000000 6.578948
2290 0.000021 0.006162 300.000000 7.518797
2300 0.000083 0.008793 100.000000 4.854369
2300 0.000028 0.008363 200.000000 6.688963
2300 0.000019 0.007303 300.000000 7.575758
2310 0.000082 0.009441 100.000000 5.000000
2310 0.000024 0.008682 200.000000 6.825939
2310 0.000025 0.007554 300.000000 7.692307
2320 0.000096 0.009339 100.000000 5.181347
2320 0.000028 0.008511 200.000000 7.017544
2320 0.000023 0.007427 300.000000 7.832898
2330 0.000088 0.009923 100.000000 5.434783
2330 0.000026 0.008932 200.000000 7.246377
2330 0.000021 0.007685 300.000000 8.021390
2340 0.000089 0.009927 100.000000 5.747127
2340 0.000027 0.009006 200.000000 7.518797
2340 0.000022 0.007787 300.000000 8.241758
2350 0.000091 0.009832 100.000000 6.097561
2350 0.000027 0.009069 200.000000 7.812500
2350 0.000022 0.007890 300.000000 8.474576
2360 0.000090 0.009221 100.000000 6.493506
2360 0.000028 0.008545 200.000000 8.130081
2360 0.000022 0.007428 300.000000 8.720930
2370 0.000089 0.008679 100.000000 6.944445
2370 0.000028 0.008056 200.000000 8.474576
2370 0.000022 0.006988 300.000000 8.982036
2380 0.000088 0.008242 100.000000 7.462687
2380 0.000028 0.007668 200.000000 8.849558
2380 0.000022 0.006650 300.000000 9.259259
2390 0.000087 0.008174 100.000000 8.064516
2390 0.000028 0.007571 200.000000 9.259259
2390 0.000022 0.006549 300.000000 9.554140
2400 0.000080 0.007551 100.000000 8.771930
2400 0.000026 0.006733 200.000000 9.708738
2400 0.000021 0.005701 300.000000 9.868421
2410 0.000078 0.006669 100.000000 9.433962
2410 0.000033 0.005598 200.000000 10.101010
2410 0.000027 0.005011 300.000000 10.101010
2420 0.000080 0.007490 100.000000 10.000000
2420 0.000048 0.006350 200.000000 10.362695
2420 0.000038 0.006215 300.000000 10.309278
2430 0.000071 0.007132 100.000000 10.416667
2430 0.000044 0.006635 200.000000 10.582010
2430 0.000037 0.006231 300.000000 10.452962
2440 0.000039 0.006754 100.000000 10.638298
2440 0.000030 0.006389 200.000000 10.582010
2440 0.000028 0.005051 300.000000 10.526316
2450 0.000019 0.007575 100.000000 10.638298
2450 0.000020 0.007451 200.000000 10.526316
2450 0.000023 0.006180 300.000000 10.563380
2460 0.000029 0.006707 100.000000 10.638298
2460 0.000014 0.006688 200.000000 10.471204
2460 0.000017 0.005943 300.000000 10.600707
2470 0.000029 0.007211 100.000000 10.638298
2470 0.000024 0.006664 200.000000 10.526316
2470 0.000021 0.006103 300.000000 10.600707
2480 0.000030 0.006360 100.000000 10.526316
2480 0.000033 0.005376 200.000000 10.526316
2490 0.000054 0.005928 100.000000 10.526316
2490 0.000028 0.005249 200.000000 10.526316
2500 0.000040 0.006077 100.000000 10.526316
2500 0.000031 0.005186 200.000000 10.471204
2510 0.000049 0.006278 100.000000 10.638298
2510 0.000036 0.005135 200.000000 10.416667
2520 0.000054 0.007372 100.000000 10.638298
2520 0.000041 0.006080 200.000000 10.416667
2530 0.000028 0.007585 100.000000 10.526316
2530 0.000032 0.006003 200.000000 10.416667
2540 0.000042 0.008158 100.000000 10.204082
2540 0.000033 0.006333 200.000000 10.416667
2550 0.000026 0.009053 100.000000 10.101010
2550 0.000025 0.007089 200.000000 10.471204
2560 0.000031 0.008080 100.000000 10.204082
2560 0.000025 0.006896 200.000000 10.526316
2570 0.000026 0.006139 100.000000 10.309278
2570 0.000020 0.005982 200.000000 10.582010
2580 0.000025 0.006894 100.000000 10.416667
2590 0.000020 0.005830 100.000000 10.309278
2600 0.000024 0.005024 100.000000 10.101010
2610 0.000046 0.006369 100.000000 10.000000
2620 0.000047 0.005467 100.000000 10.101010
2630 0.000043 0.005010 100.000000 10.309278
2640 0.000041 0.006061 100.000000 10.526316
2650 0.000032 0.005919 100.000000 10.638298
2660 0.000032 0.006101 100.000000 10.638298
