0.000000 -0.000000 0.000000 0.000000
-0.140643 2.574964 -0.043843 2.111249
-0.281220 5.148987 -0.109835 4.351509
-0.421837 7.724036 -0.210608 6.716027
-0.562431 10.298960 -0.338927 9.158001
-0.701879 12.869650 -0.465321 11.674117
-0.854664 15.479570 -0.631813 14.260428
-1.011589 18.173180 -0.804585 16.933294
-1.171840 20.913680 -0.987731 19.647915
-1.334841 23.709530 -1.173001 22.411932
-1.487044 26.544710 -1.341585 25.229586
-1.633363 29.422930 -1.515525 28.073231
-1.768976 32.357140 -1.675418 30.990843
-1.929780 35.330970 -1.875990 33.924679
-2.126953 38.471510 -2.066177 36.896080
-2.329940 41.561110 -2.281925 39.861568
-2.535885 44.597900 -2.496493 42.838234
-2.728914 47.592750 -2.708994 45.787586
-2.937935 50.537730 -2.937415 48.690090
-3.130185 53.464980 -3.140403 51.582520
-3.310922 56.350390 -3.346078 54.431530
-3.511313 59.225400 -3.565681 57.270149
-3.703384 62.006320 -3.801276 60.037411
-3.912602 64.697860 -4.048113 62.714958
-4.114442 67.264550 -4.283282 65.269890
-4.313021 69.714240 -4.511984 67.689964
-4.514875 72.037350 -4.754111 70.006340
-4.709494 74.175390 -4.974766 72.127655
-4.891889 76.138280 -5.189387 74.083237
-5.039038 77.925340 -5.349926 75.879013
-5.159772 79.592300 -5.497515 77.525635
-5.235209 81.135380 -5.584878 79.094032
-5.207469 82.555940 -5.557709 80.549507
-5.029560 83.885300 -5.394593 81.836845
-4.680938 85.118200 -5.048605 83.077942
-4.130089 86.200010 -4.524166 84.166077
-3.393066 87.095580 -3.820160 85.056122
-2.508137 87.820100 -2.941784 85.786179
-1.511055 88.343490 -1.939732 86.332520
-0.450022 88.747950 -0.938442 86.721886
0.676345 89.023150 0.166721 86.993263
1.832910 89.277150 1.302917 87.250221
3.089762 89.418990 2.544278 87.395348
4.475771 89.556060 3.937587 87.552437
5.974572 89.621010 5.435579 87.630043
7.614093 89.671530 7.070906 87.700104
9.420230 89.707860 8.872411 87.756081
11.388370 89.721450 10.840974 87.803345
13.505010 89.738680 12.962292 87.868095
15.773680 89.805260 15.223539 87.980324
18.156510 89.929480 17.603682 88.131470
20.581930 90.082780 20.012527 88.299904
23.034320 90.227690 22.471195 88.484261
25.478370 90.365000 24.919224 88.660248
27.909920 90.499220 27.350866 88.836365
30.340320 90.588890 29.783386 88.945816
32.740690 90.598330 32.183281 88.990387
35.110390 90.529620 34.547691 88.958900
37.430830 90.386730 36.867733 88.852074
39.683630 90.176290 39.138260 88.679855
41.863240 89.910310 41.331703 88.443954
43.959460 89.634420 43.429749 88.201202
45.922800 89.378560 45.366920 87.984161
47.726310 89.193250 47.177071 87.827034
49.366470 89.121130 48.811470 87.782997
50.939410 89.191540 50.354439 87.878136
52.464070 89.450930 51.859756 88.140442
53.889450 89.945260 53.255405 88.639526
55.133190 90.660970 54.488319 89.386444
56.158450 91.620300 55.485054 90.357246
56.967930 92.764920 56.282120 91.500130
57.539920 94.061200 56.845146 92.788734
57.927200 95.446880 57.191086 94.097748
58.277310 96.884370 57.511925 95.511467
58.589460 98.403450 57.792496 97.010422
58.940360 100.002400 58.105606 98.603790
59.343230 101.692600 58.483269 100.292389
59.798800 103.499800 58.906120 102.104576
60.309140 105.392300 59.378593 104.006157
60.819120 107.363700 59.861755 105.967285
61.355080 109.477800 60.358513 108.097183
61.874140 111.669200 60.839081 110.296844
62.417580 113.964900 61.345360 112.608917
62.973720 116.373200 61.852531 114.994942
63.512460 118.836400 62.349167 117.426300
64.057360 121.342700 62.850128 119.913589
64.655860 123.876700 63.412525 122.426910
65.262090 126.422600 63.976299 124.920624
65.864770 128.941000 64.535873 127.416382
66.510510 131.382800 65.118446 129.853607
67.135460 133.867500 65.666496 132.331589
67.748220 136.262500 66.198441 134.742432
68.311480 138.668800 66.716751 137.152740
68.830800 141.066900 67.175797 139.581665
69.359830 143.451000 67.646629 141.942932
69.844620 145.829800 68.094604 144.315628
70.257380 148.240700 68.468414 146.706177
70.634070 150.615300 68.825089 149.071686
70.952630 153.048800 69.102615 151.487625
71.236680 155.482600 69.338783 153.933487
71.430750 157.958600 69.513710 156.408813
71.592060 160.420500 69.639450 158.862610
71.705560 162.889100 69.731812 161.359482
71.811250 165.386800 69.822884 163.830704
71.901490 167.846500 69.877731 166.291489
71.944200 170.358200 69.895416 168.785965
71.944230 172.867000 69.871284 171.290695
71.880770 175.411200 69.773071 173.814224
71.759300 177.947700 69.622612 176.334351
71.629380 180.489300 69.468987 178.856812
71.495820 183.069400 69.301796 181.423859
71.389860 185.611000 69.170250 183.958420
71.229200 188.181800 68.979370 186.514023
71.075770 190.694700 68.773323 189.036316
70.908190 193.208300 68.580429 191.558105
70.732240 195.676300 68.380463 194.000519
70.587330 197.902600 68.175888 196.411957
70.462020 200.022200 67.999046 198.685776
70.336670 202.141700 67.842300 200.772095
70.211280 204.261000 67.695702 202.788879
70.085900 206.379000 67.597626 204.763214
69.986060 208.445300 67.543175 206.708801
70.007780 210.375700 67.552429 208.659225
70.026080 212.295900 67.547447 210.565079
70.017620 214.252400 67.545502 212.506485
70.013230 216.217200 67.517982 214.470718
69.972110 218.270700 67.485336 216.519775
69.934360 220.317400 67.426605 218.564423
69.972850 222.305500 67.388046 220.660324
69.981630 224.353700 67.333977 222.769119
69.981870 226.399100 67.279259 224.830353
69.949190 228.454500 67.198273 226.892853
69.907170 230.454300 67.118675 228.913177
69.859830 232.418200 67.040741 230.896011
69.810200 234.247600 66.933914 232.722046
69.754960 235.896800 66.854042 234.401611
69.602960 237.437200 66.668152 235.925842
69.315000 238.920100 66.350975 237.355804
68.846420 240.276600 65.871773 238.625595
68.166090 241.479400 65.213898 239.740891
67.318270 242.492800 64.406784 240.721344
66.332240 243.344200 63.425285 241.549133
65.260110 243.991900 62.326080 242.168167
64.140300 244.474300 61.200012 242.597198
62.867510 244.772700 59.954521 242.865784
61.458940 244.926000 58.559044 242.980957
59.947420 244.952000 57.068092 242.969086
58.335370 244.902100 55.476440 242.875900
56.595980 244.824000 53.743645 242.762894
54.694040 244.743800 51.825428 242.620407
52.650420 244.604800 49.760483 242.501602
50.451970 244.390700 47.470848 242.352203
48.058070 244.235000 45.015713 242.239792
45.515050 244.100900 42.396267 242.109375
42.921790 243.969200 39.730434 241.972321
40.316590 243.840300 37.077515 241.835144
37.706940 243.722400 34.429440 241.674774
35.094890 243.629800 31.805248 241.478195
32.472950 243.489000 29.203655 241.258606
29.851950 243.348200 26.638552 241.049301
27.264200 243.258500 24.091511 240.872101
24.724050 243.174900 21.580160 240.724518
22.210390 243.091000 19.096016 240.582764
19.736330 242.979500 16.632431 240.404816
17.311070 242.850400 14.221003 240.225784
14.901790 242.682800 11.837372 239.996872
12.542000 242.455300 9.481840 239.735001
10.258080 242.218100 7.196384 239.463516
8.077281 241.997300 5.030230 239.208832
6.032146 241.805400 2.972031 238.981277
4.114420 241.647100 1.052782 238.792953
2.325909 241.523700 -0.744019 238.646942
0.684853 241.422100 -2.397934 238.522049
-0.804697 241.361800 -3.884062 238.439926
-2.147061 241.322400 -5.226241 238.383835
-3.335045 241.321100 -6.410268 238.356430
-4.362696 241.347700 -7.405530 238.312805
-5.195608 241.375100 -8.294984 238.362564
-5.787975 241.411000 -8.865578 238.386002
-6.148943 241.435700 -9.220410 238.393234
-6.347609 241.453500 -9.408747 238.412125
-6.441034 241.457400 -9.496019 238.414200
-6.441440 241.456100 -9.493896 238.413605
-6.439927 241.462600 -9.492696 238.412979
-6.440440 241.482800 -9.502024 238.412567
-6.480607 241.498100 -9.541437 238.419022
-6.560264 241.507700 -9.620333 238.414948
-6.742488 241.516100 -9.801645 238.423813
-7.099251 241.541700 -10.157831 238.446793
-7.627305 241.597900 -10.688642 238.495438
-8.293171 241.705000 -11.350979 238.602158
-9.050632 241.890800 -12.085987 238.780426
-9.863606 242.207700 -12.882645 239.084854
-10.727660 242.661600 -13.719620 239.506821
-11.566170 243.294100 -14.572006 240.133057
-12.317670 244.121800 -15.316902 240.960663
-12.969870 245.164100 -15.988991 242.024307
-13.469580 246.441200 -16.529587 243.328781
-13.828110 247.877300 -16.899857 244.812790
-14.057520 249.558000 -17.136089 246.492126
-14.176210 251.405900 -17.281353 248.341843
-14.264690 253.405000 -17.391987 250.311935
-14.328890 255.544200 -17.481422 252.437210
-14.399650 257.837600 -17.579720 254.690018
-14.471380 260.263200 -17.669888 257.096497
-14.561590 262.807800 -17.794720 259.613678
-14.652820 265.491700 -17.924202 262.281952
-14.739760 268.254400 -18.036104 265.012085
-14.858340 271.134800 -18.178566 267.852264
-14.973530 274.134700 -18.332314 270.820984
-15.069550 277.175700 -18.485392 273.843170
-15.175210 280.293600 -18.650274 276.950165
-15.297230 283.446400 -18.819126 280.084747
-15.436590 286.619600 -19.024006 283.246674
-15.585790 289.810900 -19.257046 286.414917
-15.736240 292.959600 -19.478159 289.528168
-15.885310 296.071900 -19.682274 292.607178
-16.046970 299.165600 -19.903681 295.683929
-16.219660 302.246300 -20.117493 298.774414
-16.389710 305.314100 -20.340067 301.799622
-16.559690 308.378300 -20.555708 304.826233
-16.709350 311.458900 -20.763000 307.859680
-16.839300 314.563300 -20.967964 310.932770
-16.972270 317.709200 -21.167084 314.054474
-17.118400 320.893100 -21.362988 317.256744
-17.281700 324.127200 -21.571049 320.463348
-17.454380 327.375400 -21.771616 323.689789
-17.614190 330.593900 -21.960693 326.891876
-17.775860 333.802500 -22.156397 330.053131
-17.959610 336.995200 -22.338625 333.213837
-18.128440 340.134300 -22.543488 336.311157
-18.295640 343.191900 -22.735405 339.360077
-18.453080 346.169000 -22.923983 342.292755
-18.632610 349.056200 -23.133116 345.150208
-18.817710 351.841100 -23.361603 347.907288
-18.986450 354.488400 -23.550766 350.553894
-19.124870 356.982400 -23.716976 353.040833
-19.220930 359.289500 -23.856197 355.349121
-19.310450 361.377700 -23.983736 357.443176
-19.390050 363.254000 -24.090187 359.332947
-19.458340 364.945900 -24.191425 361.036316
-19.552440 366.417400 -24.315306 362.523071
-19.716910 367.755600 -24.490269 363.841949
-19.992010 369.044200 -24.790722 365.129333
-20.413100 370.267200 -25.235481 366.288605
-20.994480 371.390500 -25.742043 367.305908
-21.767920 372.412000 -26.453903 368.232941
-22.740410 373.381300 -27.443878 369.188477
-23.931400 374.199500 -28.585251 369.950806
-25.311900 374.775400 -29.980942 370.487244
-26.849130 375.102700 -31.576057 370.796509
-28.541320 375.088500 -33.201126 370.747437
-30.331610 374.930400 -34.979561 370.556396
-32.178580 374.714400 -36.794754 370.300354
-34.124600 374.519300 -38.742554 370.069611
-36.192510 374.312000 -40.786320 369.835236
-38.360350 374.089000 -42.938564 369.587830
-40.674090 373.890900 -45.236599 369.362610
-43.125350 373.717400 -47.691109 369.145050
-45.733890 373.570600 -50.300026 368.954346
-48.422050 373.450300 -52.980339 368.765320
-51.153580 373.336900 -55.709671 368.600342
-53.919190 373.217300 -58.477112 368.432526
-56.668140 373.082400 -61.234222 368.238007
-59.399580 372.949600 -63.950745 368.032379
-62.128270 372.797100 -66.684296 367.810455
-64.827270 372.599800 -69.390549 367.547516
-67.509200 372.402100 -72.072067 367.292358
-70.186170 372.208700 -74.733841 367.024597
-72.845340 372.028400 -77.388268 366.787659
-75.495320 371.886100 -80.046089 366.588928
-78.116050 371.787300 -82.670944 366.436523
-80.717850 371.718500 -85.292419 366.316498
-83.311780 371.694800 -87.899422 366.238708
-85.842710 371.709900 -90.447372 366.205566
-88.215690 371.734100 -92.830521 366.180023
-90.402660 371.755300 -95.023483 366.156799
-92.376860 371.747200 -96.998764 366.109528
-94.181170 371.700000 -98.807159 366.025757
-95.954170 371.610100 -100.596375 365.897400
-97.692900 371.484000 -102.355286 365.708221
-99.428840 371.332400 -104.080856 365.522278
-101.212400 371.150100 -105.862267 365.283417
-103.049100 370.929900 -107.702118 365.038849
-104.963700 370.712900 -109.610397 364.768585
-106.999900 370.469800 -111.666092 364.497467
-109.147400 370.218500 -113.806854 364.208923
-111.413900 369.990500 -116.089218 363.931580
-113.850400 369.787500 -118.514168 363.691986
-116.381500 369.587900 -121.038734 363.443268
-119.079000 369.402000 -123.728180 363.218628
-121.870500 369.312400 -126.513962 363.082489
-124.798000 369.251000 -129.456589 363.004364
-127.749200 369.222000 -132.402847 362.925079
-130.738100 369.191300 -135.406906 362.871674
-133.724900 369.151000 -138.399445 362.768463
-136.693200 369.116700 -141.353363 362.666260
-139.640200 369.026200 -144.307251 362.511108
-142.545400 368.909400 -147.228745 362.327118
-145.452900 368.800400 -150.142654 362.147217
-148.326000 368.653700 -153.016220 361.930786
-151.184500 368.483700 -155.873520 361.698029
-154.029500 368.306700 -158.709351 361.458832
-156.834000 368.110800 -161.499176 361.212677
-159.601600 367.929800 -164.264862 360.979004
-162.352900 367.769700 -167.008209 360.770111
-165.025300 367.622800 -169.665482 360.574707
-167.587100 367.473600 -172.221680 360.388855
-169.989700 367.347100 -174.620605 360.231354
-172.229800 367.237400 -176.843933 360.089386
-174.255000 367.118500 -178.864258 359.925690
-176.113500 366.976300 -180.704987 359.758362
-177.851600 366.825100 -182.445190 359.569763
-179.482200 366.619100 -184.071045 359.314911
-181.041000 366.257200 -185.591705 358.937592
-182.506900 365.700900 -186.979813 358.378174
-183.830900 364.922700 -188.227997 357.625397
-184.967900 363.901900 -189.337418 356.601990
-185.900600 362.645300 -190.260864 355.307129
-186.575700 361.163300 -190.878174 353.831848
-186.999600 359.497900 -191.279602 352.172791
-187.152300 357.675600 -191.416977 350.381012
-187.206000 355.773500 -191.433762 348.490051
-187.197400 353.800900 -191.390472 346.518982
-187.078300 351.712900 -191.238190 344.411957
-186.904300 349.515700 -191.033722 342.198547
-186.700200 347.199500 -190.796173 339.867157
-186.441500 344.761700 -190.500488 337.425446
-186.138100 342.245600 -190.161942 334.875000
-185.836200 339.600700 -189.838837 332.229462
-185.558800 336.870000 -189.510742 329.501129
-185.300200 334.088400 -189.201752 326.712860
-185.053400 331.295700 -188.910767 323.930573
-184.825700 328.513100 -188.638275 321.145386
-184.626700 325.706700 -188.398376 318.371429
-184.418100 322.895600 -188.139236 315.591187
-184.219300 320.049800 -187.896317 312.730164
-184.077900 317.187100 -187.692627 309.846771
-183.933200 314.300800 -187.516403 306.934326
-183.761600 311.460200 -187.301758 304.104309
-183.601800 308.616200 -187.084351 301.269745
-183.458100 305.794900 -186.877228 298.472534
-183.343100 303.000200 -186.697632 295.705170
-183.261300 300.211900 -186.541733 292.923431
-183.178800 297.450000 -186.386063 290.131897
-183.090500 294.684900 -186.228577 287.378784
-182.927300 291.908300 -185.989975 284.583466
-182.766600 289.099200 -185.762650 281.737366
-182.613800 286.267300 -185.531006 278.913910
-182.441900 283.385600 -185.302032 276.023376
-182.300400 280.490600 -185.093765 273.139374
-182.149900 277.557000 -184.897385 270.210846
-182.001400 274.627800 -184.699402 267.268951
-181.823500 271.689000 -184.462769 264.302277
-181.638500 268.767800 -184.222595 261.366516
-181.424600 265.787800 -183.944916 258.375336
-181.219800 262.838200 -183.665314 255.394730
-181.009300 259.844900 -183.395020 252.393799
-180.770400 256.828000 -183.088593 249.383850
-180.561000 253.860400 -182.821198 246.432678
-180.372700 250.908200 -182.559021 243.448334
-180.191000 247.979500 -182.307556 240.537308
-180.025600 245.104800 -182.081604 237.677216
-179.890000 242.301100 -181.874451 234.855438
-179.765100 239.629200 -181.683228 232.170227
-179.603400 237.077700 -181.465073 229.620895
-179.486600 234.610600 -181.293106 227.156891
-179.426200 232.293500 -181.182175 224.827179
-179.384800 230.153000 -181.086929 222.657410
-179.372900 228.203000 -181.014557 220.678696
-179.353200 226.445600 -180.958954 218.924911
-179.284500 224.889700 -180.851547 217.353653
-179.159500 223.520400 -180.684830 215.973602
-178.892900 222.222300 -180.373566 214.680237
-178.440800 221.019500 -179.900696 213.519775
-177.799300 219.912400 -179.243439 212.456329
-176.993100 218.868700 -178.428146 211.455322
-175.953700 217.908600 -177.297638 210.481232
-174.646400 217.098800 -176.034592 209.625137
-173.037500 216.423500 -174.450623 208.953598
-171.242400 215.987700 -172.682678 208.552963
-169.251700 215.748100 -170.771591 208.384506
-167.160900 215.651300 -168.775681 208.338531
-164.983800 215.579200 -166.645935 208.347580
-162.753200 215.542200 -164.454758 208.382126
-160.419600 215.517400 -162.146469 208.446823
-157.986900 215.494400 -159.748138 208.513657
-155.493900 215.476600 -157.283966 208.605240
-152.924600 215.528800 -154.734787 208.725021
-150.250300 215.556200 -152.075394 208.849075
-147.567100 215.656900 -149.383957 208.991241
-144.855900 215.751900 -146.682190 209.190613
-142.145800 215.896800 -143.993439 209.414169
-139.455100 216.087400 -141.302505 209.716125
-136.768400 216.330800 -138.637573 210.022537
-134.103700 216.562300 -135.948608 210.350922
-131.505400 216.803000 -133.351440 210.665543
-128.992800 217.018200 -130.835144 210.938248
-126.584900 217.191000 -128.433624 211.186188
-124.357100 217.330100 -126.190201 211.381058
-122.326100 217.418900 -124.139381 211.512436
-120.463500 217.466200 -122.281174 211.596466
-118.653600 217.497200 -120.438751 211.660370
-116.849600 217.495900 -118.632530 211.689163
-115.067800 217.514000 -116.818130 211.718826
-113.324000 217.535300 -115.053864 211.765427
-111.616000 217.623100 -113.329773 211.882477
-109.927700 217.875300 -111.643875 212.129059
-108.290900 218.301300 -110.031837 212.524536
-106.749500 218.945400 -108.491013 213.157593
-105.349200 219.793800 -107.091766 213.993652
-104.115500 220.834900 -105.870613 215.037598
-103.036000 222.051200 -104.866371 216.239227
-102.179100 223.400100 -104.077560 217.571747
-101.543200 224.848700 -103.498795 218.985443
-101.115700 226.383800 -103.106552 220.442062
-100.830600 227.968600 -102.830795 221.988205
-100.531100 229.501100 -102.548264 223.492264
-100.252100 231.017900 -102.271828 225.023758
-99.883990 232.463500 -101.906776 226.454468
-99.425550 233.824100 -101.447838 227.757599
-98.775880 234.872900 -100.797653 228.815353
-98.086100 235.806300 -100.106888 229.747604
-97.174270 236.468700 -99.178253 230.450684
-96.254150 236.931100 -98.221237 230.963165
-95.283150 237.358800 -97.188820 231.377533
-94.185080 237.674800 -96.018387 231.696365
-92.955310 237.898800 -94.749527 231.916061
-91.596850 238.102700 -93.341087 232.137299
-90.074690 238.248300 -91.780075 232.296356
-88.387450 238.391700 -90.062462 232.446365
-86.486290 238.540100 -88.220604 232.626846
-84.443490 238.650800 -86.207825 232.816925
-82.253860 238.746800 -84.063553 232.997849
-79.940140 238.872300 -81.785545 233.167709
-77.539590 239.011100 -79.432198 233.326660
-75.087440 239.150700 -76.985260 233.483688
-72.574930 239.313900 -74.480263 233.641144
-69.991910 239.446400 -71.878143 233.778046
-67.351620 239.548800 -69.228241 233.917633
-64.666360 239.657700 -66.605637 234.093842
-61.998030 239.808800 -63.912781 234.304260
-59.311750 239.952600 -61.291084 234.520508
-56.701950 240.109100 -58.740456 234.739182
-54.151130 240.267600 -56.176277 234.959808
-51.625940 240.427100 -53.661469 235.173843
-49.127390 240.564300 -51.180702 235.386505
-46.665870 240.712700 -48.780655 235.603958
-44.240570 240.886300 -46.381306 235.841995
-41.878960 241.088900 -44.037449 236.070618
-39.649020 241.312800 -41.808750 236.311935
-37.552430 241.539400 -39.699287 236.549713
-35.488740 241.743100 -37.638012 236.780807
-33.456700 241.939000 -35.608788 236.984848
-31.533090 242.124800 -33.675880 237.168808
-29.764560 242.287900 -31.899788 237.318314
-28.172420 242.408100 -30.299181 237.437500
-26.747170 242.468900 -28.867229 237.503174
-25.460260 242.473300 -27.575920 237.510727
-24.318710 242.437400 -26.438040 237.486069
-23.324200 242.322300 -25.468071 237.409439
-22.483780 242.186900 -24.633518 237.307846
-21.843230 242.069500 -23.988176 237.208054
-21.357270 241.937100 -23.532276 237.093384
-20.874950 241.791000 -23.053761 236.945786
-20.410090 241.641000 -22.583969 236.791626
-19.938580 241.453200 -22.098915 236.602356
-19.330890 241.150500 -21.529541 236.341766
-18.603550 240.674100 -20.812370 235.890854
-17.817550 240.000300 -20.025497 235.280136
-17.047940 239.130000 -19.228615 234.418076
-16.371440 238.041100 -18.522461 233.315948
-15.819140 236.731500 -17.972855 231.972336
-15.431720 235.164300 -17.574871 230.401535
-15.160930 233.366900 -17.293034 228.608749
-14.985430 231.359800 -17.100685 226.597534
-14.879450 229.166100 -16.987097 224.356979
-14.834570 226.783800 -16.906313 221.954910
-14.805910 224.227300 -16.831663 219.382629
-14.776150 221.503700 -16.741631 216.687042
-14.726190 218.625200 -16.638433 213.812027
-14.646810 215.602400 -16.505512 210.797043
-14.509690 212.459600 -16.323132 207.703735
-14.353480 209.201300 -16.107546 204.456848
-14.179740 205.869600 -15.881386 201.146149
-13.962380 202.478800 -15.612048 197.767273
-13.739120 199.045100 -15.339416 194.363861
-13.514930 195.572200 -15.055023 190.915207
-13.275440 192.054900 -14.778722 187.414337
-13.052000 188.499600 -14.514980 183.855179
-12.854570 184.884700 -14.255157 180.253433
-12.675140 181.220200 -14.034196 176.607620
-12.508030 177.502000 -13.819943 172.884979
-12.341190 173.718700 -13.581646 169.048889
-12.175010 169.898000 -13.382385 165.300034
-12.018250 166.028100 -13.139468 161.667221
-11.841350 162.134100 -12.924088 157.750061
-11.655180 158.220500 -12.671191 153.773132
-11.466580 154.287300 -12.422468 149.883331
-11.281310 150.320000 -12.184156 145.998810
-11.057620 146.379100 -11.945288 142.096146
-10.815240 142.443600 -11.679672 138.255768
-10.570550 138.517900 -11.408212 134.393646
-10.333980 134.639100 -11.131428 130.572952
-10.123240 130.785800 -10.848829 126.801071
-9.914350 127.027500 -10.577121 123.061325
-9.696148 123.395700 -10.311626 119.482079
-9.493383 119.914400 -10.057622 116.024796
-9.310280 116.607700 -9.854851 112.762184
-9.151332 113.442300 -9.660854 109.665909
-9.017561 110.482000 -9.487480 106.750671
-8.888960 107.744800 -9.338163 104.055466
-8.774269 105.222900 -9.213661 101.596115
-8.679794 102.918000 -9.090360 99.340073
-8.504861 100.812800 -8.888879 97.330070
-8.163715 98.919720 -8.542423 95.477905
-7.618518 97.243660 -7.999704 93.876175
-6.858427 95.725240 -7.251596 92.430824
-5.899838 94.392380 -6.311615 91.147224
-4.759829 93.253900 -5.218056 90.063538
-3.450087 92.348760 -3.921154 89.229683
-1.973871 91.691730 -2.466862 88.632492
-0.436803 91.261860 -1.019291 88.264297
1.138073 91.026340 0.490449 88.118973
2.751248 90.881970 2.053518 88.039940
4.431705 90.766140 3.717327 87.991264
6.211745 90.683570 5.456168 87.981003
8.081090 90.578530 7.324260 87.951225
10.076580 90.469280 9.313377 87.918350
12.205890 90.365360 11.441844 87.888939
14.489810 90.290310 13.719581 87.891731
16.910510 90.321490 16.131842 87.972305
19.453620 90.459650 18.656206 88.153748
22.045730 90.671110 21.258247 88.420113
24.644280 90.895340 23.856655 88.684456
27.207850 91.064010 26.443310 88.881531
29.764780 91.130150 29.007326 88.981621
32.287690 91.085550 31.549740 88.978439
34.803420 90.937800 34.076080 88.887245
37.325120 90.728940 36.606415 88.736389
39.896170 90.508470 39.190708 88.584007
42.547960 90.289960 41.856655 88.429001
45.244630 90.097810 44.556671 88.291000
47.943020 89.903610 47.243000 88.161964
50.617990 89.629730 49.925430 87.956734
53.252150 89.185630 52.552544 87.585159
55.814150 88.557720 55.108467 87.033890
58.313300 87.791630 57.600262 86.336121
60.805470 86.920740 60.086166 85.520126
63.322020 85.994100 62.607162 84.645401
65.833720 85.055040 65.120544 83.762939
68.406220 84.080780 67.694641 82.848785
70.998610 83.045350 70.280281 81.875580
73.578520 81.879280 72.868187 80.763588
76.170160 80.586970 75.474403 79.523354
78.819830 79.219290 78.109268 78.211266
81.480420 77.842690 80.768265 76.903976
84.108690 76.469870 83.401062 75.588150
86.695220 75.055290 85.974205 74.248024
89.188920 73.556030 88.447662 72.804199
91.573040 71.968490 90.829239 71.268974
93.850380 70.285940 93.130493 69.650490
96.020560 68.521450 95.323944 67.946312
98.103890 66.740880 97.415901 66.227036
100.107700 65.034010 99.448532 64.557373
101.996900 63.459780 101.349159 63.053974
103.764900 62.070330 103.130066 61.701546
105.408600 60.801050 104.799927 60.467575
107.003200 59.530310 106.401146 59.240807
108.589500 58.247390 107.984886 58.000206
110.134700 56.970520 109.535553 56.752590
111.717500 55.637520 111.126076 55.468960
113.353400 54.247110 112.781334 54.122761
115.077800 52.831180 114.490303 52.762280
116.904200 51.439420 116.334206 51.411842
118.836800 50.054850 118.274521 50.060226
120.853600 48.602090 120.298981 48.634518
122.938000 47.083700 122.437180 47.139576
125.092700 45.485300 124.601578 45.581532
127.330000 43.820780 126.866066 43.961216
129.637600 42.087830 129.202576 42.277225
131.967100 40.344760 131.523361 40.580822
134.297900 38.609850 133.877136 38.883549
136.621900 36.849050 136.218399 37.175285
138.949900 35.131110 138.549408 35.511940
141.293500 33.464730 140.907761 33.877682
143.603900 31.795640 143.264526 32.238434
145.871800 30.121580 145.546997 30.597431
148.133300 28.418200 147.819534 28.929871
150.347600 26.750990 150.046402 27.313152
152.506100 25.137140 152.212616 25.746071
154.521200 23.603510 154.238083 24.270309
156.409800 22.104300 156.156647 22.805153
158.102600 20.729550 157.854492 21.478561
159.605700 19.470090 159.387436 20.261536
161.034400 18.328640 160.819427 19.185852
162.527500 17.369930 162.302338 18.255089
164.102000 16.690040 163.856766 17.620010
165.725700 16.231240 165.478638 17.184669
167.465400 15.980230 167.211761 16.974064
169.275300 15.912810 169.013184 16.909763
171.157200 15.957740 170.871399 16.945545
173.098700 15.972680 172.812744 16.955385
175.120500 15.945180 174.811920 16.931396
177.167200 15.872150 176.841614 16.867729
179.305300 15.756280 178.966980 16.771841
181.477000 15.604010 181.111267 16.628035
183.703700 15.412020 183.340195 16.458344
185.980700 15.238130 185.595367 16.296993
188.280500 15.072990 187.901642 16.158369
190.577500 14.896800 190.212433 16.002945
192.894300 14.714610 192.550919 15.867377
195.244200 14.510220 194.897614 15.707506
197.633500 14.283820 197.285995 15.527027
200.090000 14.030130 199.742813 15.315496
202.592100 13.785300 202.231842 15.100618
205.104900 13.534110 204.745117 14.882095
207.640700 13.310070 207.272858 14.702937
210.148900 13.111090 209.767273 14.550976
212.697300 12.915740 212.327698 14.399789
215.224700 12.737830 214.843201 14.233616
217.808000 12.513180 217.418350 14.037420
220.389500 12.282700 220.025070 13.829262
223.037500 12.068550 222.677231 13.630004
225.699900 11.872960 225.338257 13.467293
228.380800 11.657570 228.031982 13.285048
231.063800 11.400770 230.706482 13.063503
233.768800 11.157120 233.424393 12.880152
236.452700 10.908570 236.111069 12.679197
239.115400 10.628320 238.768906 12.432003
241.756200 10.390980 241.425629 12.216002
244.376200 10.177670 244.081604 12.015833
246.942400 9.977031 246.689316 11.832882
249.503100 9.796410 249.287445 11.695335
251.962400 9.616742 251.782211 11.533552
254.329800 9.452561 254.163818 11.411970
256.557200 9.297183 256.404205 11.308537
258.681500 9.140396 258.510986 11.181316
260.487900 8.870715 260.543671 11.022615
262.171000 8.558198 262.447113 10.802406
263.852900 8.246051 264.244873 10.516434
265.533700 7.934305 265.868256 10.194038
267.212200 7.623220 267.310089 9.863312
268.719700 7.309828 268.561523 9.563141
269.768600 7.040605 269.614777 9.312912
270.654800 6.869143 270.490631 9.165821
271.433400 6.780906 271.283539 9.089043
272.188300 6.798910 272.042389 9.136097
272.939800 6.915555 272.780457 9.251950
273.674100 7.139266 273.484589 9.473679
274.435500 7.486302 274.196930 9.848755
275.206100 8.021776 274.917572 10.355896
275.841400 9.123003 275.600494 11.133286
276.399700 10.403880 276.255768 12.136574
276.938800 11.672800 276.739105 13.294952
277.461700 12.927990 277.153503 14.664192
277.969300 14.165350 277.556976 16.259354
278.402000 15.600760 277.889557 18.081375
278.675500 17.540870 278.116119 20.076084
278.887100 19.689590 278.276611 22.233469
279.050300 22.004090 278.388245 24.584530
279.153100 24.513040 278.470093 27.080276
279.310000 27.147550 278.587860 29.718348
279.492000 29.910160 278.744568 32.505028
279.682000 32.722430 278.916077 35.338757
279.891600 35.618700 279.113525 38.228168
280.117300 38.587970 279.319153 41.172272
280.340800 41.563150 279.515411 44.187843
280.553900 44.602790 279.700684 47.201759
280.757500 47.669170 279.885651 50.244255
280.966700 50.717990 280.060120 53.265167
281.189800 53.763250 280.250885 56.271461
281.387500 56.840290 280.443787 59.285999
281.609200 59.915920 280.632874 62.318520
281.892800 62.993940 280.875916 65.356117
282.168100 66.061440 281.118042 68.395874
282.386200 69.137860 281.303864 71.425697
282.581400 72.205720 281.482544 74.468498
282.741100 75.260420 281.641418 77.511864
282.945600 78.300480 281.819611 80.529594
283.185400 81.322840 282.014832 83.517441
283.441700 84.363870 282.226471 86.555588
283.683800 87.353300 282.428619 89.537003
283.940100 90.352150 282.654602 92.535454
284.231300 93.355260 282.938721 95.537514
284.541900 96.345100 283.229645 98.530457
284.938000 99.320580 283.598816 101.547951
285.395000 102.259500 284.022858 104.483429
285.844100 105.163200 284.442688 107.383408
286.321900 108.053700 284.885223 110.263618
286.793800 110.912200 285.323517 113.110077
287.216900 113.736500 285.716156 115.923706
287.630900 116.518500 286.093506 118.692245
288.058700 119.219300 286.479980 121.415680
288.448800 121.780900 286.814484 124.009445
288.846400 124.280600 287.161774 126.505547
289.285300 126.630100 287.558838 128.877243
289.743500 128.835400 287.987793 131.098145
290.213000 130.821100 288.424225 133.087830
290.683600 132.626000 288.865814 134.911331
291.166200 134.262000 289.313232 136.565598
291.580800 135.832500 289.703308 138.147583
291.961700 137.426400 290.064514 139.749405
292.194000 139.020100 290.273438 141.343048
292.237900 140.604400 290.293610 142.922852
291.762300 142.158200 290.060028 144.479065
290.662500 143.578100 289.575531 146.024490
289.562400 144.964600 288.805298 147.477280
288.468100 146.318100 287.706360 148.831223
287.386000 147.641500 286.336975 150.029785
286.399400 148.976200 284.756226 151.046524
284.571900 149.919400 282.940674 151.953491
282.598600 150.835500 280.977417 152.869064
280.553400 151.805400 278.941650 153.832550
278.418500 152.847000 276.795319 154.852097
276.187000 153.972900 274.566498 155.954926
273.848800 155.201700 272.236755 157.149963
271.423500 156.516000 269.794891 158.429581
268.909500 157.880900 267.273285 159.741516
266.393100 159.278800 264.714233 161.102753
263.831700 160.712200 262.188202 162.517639
261.343100 162.229400 259.707214 164.003662
258.927700 163.839100 257.279816 165.570465
256.567900 165.515700 254.905289 167.199341
254.220600 167.219800 252.546204 168.872330
251.812400 168.915300 250.132721 170.523499
249.342900 170.564800 247.640366 172.114136
246.829700 172.171100 245.093567 173.670197
244.268800 173.728400 242.497284 175.190842
241.687800 175.211100 239.899704 176.625916
239.066600 176.646400 237.274338 178.002609
236.435100 178.027700 234.617859 179.334091
233.828600 179.391700 232.004791 180.636398
231.251200 180.752600 229.415070 181.946976
228.707700 182.113100 226.854462 183.268768
226.214900 183.484500 224.324997 184.621506
223.769900 184.811700 221.858582 185.898407
221.367300 186.107100 219.453568 187.144287
219.059200 187.344000 217.133270 188.351624
216.843700 188.521200 214.905182 189.479309
214.730300 189.612200 212.779938 190.541489
212.761600 190.600600 210.801971 191.499298
210.934100 191.518800 208.954330 192.384033
209.293500 192.364900 207.296768 193.199066
207.831400 193.113300 205.821686 193.924194
206.576700 193.798300 204.530594 194.576096
205.539900 194.395600 203.471710 195.164780
204.729700 194.901600 202.646301 195.651108
204.122300 195.321500 202.019928 196.069870
203.546300 195.745200 201.442291 196.474106
203.042900 196.282400 200.874435 196.907944
202.515700 196.788100 200.302338 197.330322
201.945400 197.325500 199.700424 197.825256
201.195300 198.000000 198.939529 198.449173
200.227400 198.808500 197.945862 199.223846
199.076800 199.760000 196.766235 200.176132
197.730700 200.791700 195.413132 201.160934
196.253000 201.872000 193.925949 202.207031
194.623700 202.967100 192.284271 203.277969
192.619800 204.117900 190.510117 204.356842
190.615300 205.269000 188.575378 205.462662
188.611600 206.419500 186.548126 206.579391
186.608000 207.569800 184.461365 207.700989
184.604500 208.720100 182.285553 208.851303
182.452000 209.923800 180.029800 210.048279
180.162600 211.202300 177.726151 211.295639
177.855000 212.473600 175.386642 212.551270
175.554100 213.761200 173.070877 213.803207
173.260900 215.031900 170.751968 215.052795
171.006800 216.296100 168.477646 216.285400
168.770100 217.549300 166.219086 217.499313
166.635700 218.725900 164.055130 218.652832
164.640400 219.823800 162.029114 219.719788
162.800000 220.792300 160.172195 220.648315
161.109900 221.618400 158.469604 221.444702
159.510500 222.334400 156.864380 222.120087
157.845500 222.860900 155.190186 222.639023
156.181300 223.202900 153.539444 222.945847
154.511100 223.364000 151.896103 223.064850
152.786900 223.350100 150.182785 223.004868
150.969000 223.245000 148.356201 222.871689
149.048400 223.060600 146.424515 222.668610
146.999200 222.886700 144.349457 222.475174
144.811400 222.709100 142.143311 222.267731
142.452400 222.507300 139.777908 222.035446
139.985700 222.307100 137.293716 221.811478
137.342300 222.162600 134.625946 221.646744
134.568800 222.029900 131.872589 221.489120
131.695500 221.932100 128.996796 221.354431
128.711000 221.803000 125.999863 221.196884
125.647300 221.650100 122.943657 221.011932
122.615400 221.500000 119.903687 220.828476
119.543800 221.309500 116.829453 220.603989
116.511500 221.102100 113.782021 220.373230
113.516800 220.903600 110.784035 220.139664
110.545200 220.708000 107.809578 219.916290
107.636200 220.532300 104.897697 219.716766
104.717200 220.373700 101.978882 219.533524
101.840600 220.218600 99.099846 219.344772
98.994700 220.067300 96.237717 219.174133
96.181550 219.895100 93.448380 218.969147
93.438620 219.686500 90.717911 218.740997
90.855460 219.500600 88.110611 218.495926
88.388610 219.326300 85.636803 218.261017
86.123680 219.157800 83.340462 218.053726
84.049970 219.045300 81.259689 217.902374
82.152880 219.016300 79.324249 217.848923
80.388010 219.115100 77.537376 217.879517
78.664760 219.366200 75.807068 218.137772
77.016290 219.796000 74.112656 218.527435
75.461480 220.446100 72.526024 219.155045
74.069090 221.411200 71.150398 220.076050
72.862850 222.604000 69.913216 221.277603
71.841850 224.015300 68.861847 222.623657
71.023420 225.699900 68.043686 224.270706
70.421670 227.540000 67.389748 226.087082
70.034550 229.518400 66.974808 228.057831
69.813760 231.610700 66.750137 230.089417
69.670080 233.800300 66.606300 232.307159
69.603690 236.022800 66.517487 234.566818
69.545910 238.342600 66.400467 236.922623
69.499400 240.719700 66.298157 239.322906
69.469400 243.192800 66.215172 241.785507
69.384530 245.776400 66.111725 244.264832
69.232580 248.432800 65.928238 246.882568
69.094640 251.146000 65.748100 249.581085
68.950990 253.982700 65.549408 252.421814
68.811860 256.917100 65.374184 255.315338
68.650580 259.920100 65.214935 258.270477
68.462200 263.082100 65.016945 261.376556
68.288560 266.252800 64.824051 264.500092
68.096650 269.464100 64.613823 267.670654
67.903830 272.683000 64.386307 270.862305
67.721470 275.872400 64.167549 274.030975
67.525460 279.043300 63.936558 277.182037
67.317450 282.219100 63.696053 280.333282
67.111650 285.343500 63.452221 283.445068
66.901350 288.508400 63.231621 286.561401
66.688140 291.652400 63.000015 289.641296
66.478800 294.782200 62.770374 292.735413
66.289190 297.878200 62.583996 295.750336
66.078070 300.944500 62.349060 298.809082
65.826270 304.008500 62.072418 301.858185
65.573590 307.018200 61.819824 304.807312
65.274710 310.032300 61.512581 307.786499
64.924470 313.030600 61.147121 310.765961
64.540610 315.995300 60.736271 313.699890
64.089990 318.947600 60.252964 316.598755
63.671720 321.903700 59.828651 319.499634
63.304260 324.895900 59.444191 322.443390
62.967580 327.898100 59.094162 325.410217
62.699080 330.909200 58.811100 328.377502
62.553590 333.929000 58.594292 331.391235
62.402330 336.963400 58.362782 334.424500
62.266570 340.021300 58.165695 337.469452
62.116500 343.035800 57.976761 340.443756
61.993500 346.032900 57.807171 343.467529
61.866370 348.989100 57.652328 346.405853
61.760870 351.857800 57.503067 349.243988
61.679290 354.611700 57.369553 351.986816
61.586300 357.261400 57.217758 354.632507
61.550600 359.776900 57.142422 357.148010
61.577240 362.145700 57.137383 359.507019
61.603020 364.290800 57.132336 361.657806
61.628690 366.323100 57.131832 363.702972
61.649880 368.352400 57.114082 365.726929
61.624730 370.355800 57.044655 367.707123
61.511180 372.339500 56.903881 369.648285
61.271590 374.388200 56.621483 371.652954
60.966710 376.528400 56.267319 373.781067
60.637150 378.796200 55.894020 376.029633
60.324540 381.208000 55.558907 378.419434
60.065570 383.741300 55.254860 380.919312
59.884830 386.413700 55.034058 383.583557
59.789830 389.195600 54.899803 386.343323
59.765420 392.106700 54.812939 389.265594
59.766400 395.121300 54.748161 392.279175
59.728620 398.268800 54.639431 395.418457
59.673270 401.492900 54.517143 398.626190
59.575390 404.694600 54.362259 401.803528
59.425140 407.916600 54.155273 405.003967
59.267000 411.104300 53.940994 408.160461
59.084670 414.257800 53.711208 411.294312
58.913680 417.417100 53.502670 414.417664
58.748810 420.528100 53.301620 417.502594
58.574140 423.604200 53.087952 420.580963
58.437200 426.635400 52.917568 423.599640
58.286850 429.523300 52.715191 426.486572
58.117570 432.280500 52.519073 429.239838
57.924100 434.902000 52.278511 431.847748
57.663190 437.382700 51.999516 434.298889
57.368250 439.710400 51.679718 436.633759
57.036690 441.889000 51.320877 438.800842
56.656850 443.874800 50.916794 440.776031
56.323860 445.645400 50.562576 442.530090
56.148660 447.270100 50.382576 444.145905
56.616130 448.530800 50.440720 445.663696
57.333540 449.649800 50.755161 446.967468
58.025620 450.723300 51.354134 448.117615
58.683230 451.752100 52.182816 449.089081
59.300760 452.745900 53.190826 449.875732
60.051910 453.493100 54.278870 450.415039
61.232100 453.863600 55.490448 450.790222
62.575150 454.072200 56.809662 450.979797
64.075560 454.193600 58.283958 451.092438
65.729870 454.237800 59.937210 451.146027
67.536180 454.320400 61.727798 451.250275
69.481920 454.413600 63.652454 451.372955
71.568440 454.517900 65.717453 451.518677
73.783230 454.637300 67.904282 451.700195
76.158670 454.789800 70.242950 451.903931
78.646770 454.943100 72.717468 452.126770
81.225870 455.115600 75.264755 452.355774
83.916780 455.302300 77.914276 452.592896
86.702020 455.456700 80.673264 452.810760
89.526350 455.578300 83.491264 453.001282
92.412350 455.733700 86.347977 453.218445
95.328570 455.895400 89.221420 453.460022
98.249890 456.054300 92.133980 453.686279
101.184100 456.224200 95.046242 453.902405
104.093100 456.393100 97.950401 454.122925
106.998900 456.525600 100.832123 454.321533
109.897200 456.654500 103.711952 454.499451
112.749700 456.816600 106.553528 454.714264
115.610200 456.965500 109.413536 454.924164
118.400100 457.099300 112.189011 455.124390
121.145900 457.258900 114.931351 455.325989
123.876500 457.448100 117.653275 455.568359
126.583800 457.666500 120.356239 455.838196
129.241600 457.972700 123.011284 456.194275
131.877300 458.360200 125.625381 456.639130
134.472300 458.810900 128.197754 457.144836
137.047800 459.328100 130.759308 457.705231
139.578900 459.909300 133.283340 458.311920
142.082300 460.548100 135.778931 458.998230
144.536100 461.240400 138.222137 459.769012
146.935100 462.035700 140.613846 460.592712
149.323900 462.890800 142.980850 461.473633
151.645200 463.789700 145.281723 462.398438
153.953700 464.746000 147.562866 463.392670
156.216300 465.719100 149.814789 464.416870
158.442000 466.755000 152.012833 465.490021
160.610800 467.844100 154.156891 466.632812
162.721500 468.976400 156.232330 467.804016
164.765200 470.136200 158.247681 469.016449
166.772400 471.335900 160.201935 470.256042
168.632200 472.526000 162.026413 471.501831
170.346500 473.697400 163.708252 472.718689
171.909300 474.797000 165.235123 473.850342
173.302800 475.783300 166.619049 474.837463
174.556500 476.625400 167.870377 475.698914
175.656700 477.273900 168.989395 476.357635
176.667400 477.791400 170.017380 476.871948
177.693700 478.199200 171.044159 477.317139
178.769200 478.445200 172.130249 477.584747
179.820200 478.560500 173.209290 477.742371
180.911200 478.531600 174.256500 477.718109
182.068600 478.323700 175.433716 477.539276
183.262200 477.935100 176.622330 477.127258
184.488300 477.285200 177.887070 476.466309
185.759400 476.306800 179.210999 475.502075
187.077400 475.006900 180.541229 474.224182
188.478700 473.464500 181.950714 472.712372
189.953700 471.703500 183.450790 470.965454
191.518900 469.725200 185.041855 469.043518
193.208300 467.608400 186.781403 466.947510
195.017400 465.320900 188.620316 464.677948
196.863700 462.933100 190.483505 462.343201
198.729100 460.522700 192.385025 459.979919
200.614200 458.121400 194.293030 457.636292
202.510500 455.730200 196.217453 455.303497
204.411000 453.358300 198.156525 452.978699
206.321800 451.001000 200.087036 450.664124
208.222000 448.665100 202.011902 448.392181
210.114400 446.337900 203.926163 446.101929
211.976500 444.014500 205.817993 443.827057
213.836200 441.706600 207.697174 441.565857
215.683700 439.420500 209.577866 439.346985
217.555600 437.143300 211.474442 437.125214
219.471300 434.824100 213.434540 434.847687
221.450500 432.447100 215.464935 432.522644
223.466700 430.017100 217.540222 430.144104
225.486700 427.604100 219.592148 427.740356
227.506500 425.191500 221.681259 425.312469
229.526100 422.779100 223.719864 422.947876
231.545400 420.367100 225.770142 420.618683
233.564400 417.955300 227.811188 418.317627
235.559300 415.588300 229.818375 416.063629
237.436800 413.389000 231.724701 413.890930
238.780200 411.507400 233.483444 411.856934
239.937800 409.690800 235.054947 409.954773
241.095100 407.877000 236.370361 408.202301
242.251200 406.068000 237.433899 406.521729
243.408000 404.262500 238.159851 404.880829
244.011000 402.484000 238.548523 403.199738
244.001400 400.839200 238.569046 401.488708
243.616800 399.284000 238.204956 399.917175
242.890100 397.828700 237.502747 398.425812
241.873600 396.462000 236.518677 397.059235
240.631500 395.201500 235.323364 395.746887
239.221600 394.033800 233.908020 394.536346
237.618600 392.957600 232.302856 393.417725
235.793400 391.994800 230.482269 392.432648
233.764600 391.138800 228.435913 391.548401
231.526900 390.407500 226.186584 390.807831
229.101900 389.773400 223.740662 390.118378
226.502900 389.204300 221.124054 389.480804
223.725900 388.759000 218.338913 388.978455
220.797800 388.372500 215.393173 388.537415
217.710700 387.983400 212.291733 388.101166
214.530600 387.607200 209.083481 387.693054
211.281800 387.245500 205.836945 387.272888
207.989900 386.906600 202.549225 386.887451
204.658000 386.595500 199.222351 386.530151
201.286800 386.304300 195.887726 386.198059
197.918900 386.031200 192.508133 385.871155
194.555800 385.786300 189.192688 385.600128
191.207200 385.554600 185.890182 385.381683
187.886200 385.358400 182.511581 385.111603
184.599200 385.187900 179.251694 384.910339
181.348200 385.028900 176.009644 384.700684
178.125300 384.880300 172.791519 384.497803
174.940200 384.732200 169.661804 384.289886
171.787000 384.605200 166.527496 384.090576
168.667500 384.479200 163.436310 383.896423
165.610000 384.375800 160.399429 383.723267
162.651900 384.300900 157.462753 383.584900
159.841600 384.253100 154.669403 383.472443
157.212800 384.244100 152.034576 383.403168
154.757500 384.238100 149.589539 383.342499
152.465500 384.177300 147.316528 383.226776
150.349500 384.033300 145.220535 383.012695
148.462800 383.774700 143.370132 382.719788
146.861800 383.342900 141.810776 382.236664
145.493000 382.652100 140.535370 381.541779
144.342900 381.710300 139.422958 380.601929
143.476000 380.548800 138.593018 379.406952
142.885900 379.215000 138.027115 378.048950
142.512900 377.743300 137.677963 376.581940
142.317800 376.136600 137.517990 374.993195
142.188100 374.395800 137.412674 373.305634
142.147200 372.567400 137.395798 371.506622
142.122900 370.607400 137.400818 369.587494
142.117600 368.494900 137.434021 367.485504
142.130800 366.233800 137.475662 365.231262
142.204400 363.814600 137.588394 362.829071
142.299400 361.231000 137.722336 360.262604
142.415300 358.474700 137.892242 357.514465
142.582500 355.558100 138.129669 354.619324
142.739700 352.539000 138.355194 351.625610
142.891900 349.439100 138.551010 348.563995
143.064500 346.281300 138.782959 345.425537
143.227100 343.091000 139.002548 342.269104
143.425200 339.887400 139.254868 339.089050
143.616200 336.700500 139.501465 335.914154
143.795900 333.502200 139.722473 332.731110
144.005700 330.337500 139.976944 329.576935
144.230000 327.130600 140.208511 326.379578
144.419100 323.896200 140.412643 323.176910
144.587400 320.591100 140.623154 319.918274
144.754600 317.239000 140.819397 316.605225
144.941900 313.833000 141.041885 313.248901
145.157300 310.363000 141.291061 309.823212
145.368500 306.861100 141.522034 306.347321
145.569800 303.322100 141.750122 302.870361
145.779600 299.781500 141.977997 299.357208
145.995800 296.224300 142.207626 295.820435
146.232800 292.723700 142.477310 292.322693
146.466500 289.221500 142.739960 288.835175
146.685200 285.746000 143.017197 285.368225
146.893800 282.281200 143.281754 281.896484
147.103700 278.834100 143.532074 278.464020
147.309200 275.380000 143.794006 275.019135
147.469000 272.014900 144.000931 271.684418
147.644100 268.640500 144.206802 268.327484
147.828000 265.287400 144.443665 265.006653
148.018700 262.011300 144.680862 261.750153
148.191600 258.776500 144.876633 258.522827
148.362500 255.568000 145.070572 255.303284
148.542700 252.484800 145.283417 252.223145
148.699400 249.530100 145.471191 249.272308
148.855100 246.697000 145.652374 246.461487
149.012000 244.059600 145.856155 243.837189
149.177500 241.565300 146.058960 241.346222
149.354100 239.240800 146.268021 239.002304
149.518500 237.141100 146.452728 236.906937
149.688400 235.241100 146.649139 235.020294
149.831600 233.536700 146.814484 233.317139
149.906300 232.004900 146.917328 231.758270
149.838700 230.619900 146.878250 230.365768
149.635100 229.344100 146.699005 229.052017
149.241300 228.150200 146.335739 227.872681
148.716100 227.039600 145.820038 226.730850
148.000700 226.008200 145.112595 225.642105
147.075700 225.048900 144.207260 224.655838
145.937600 224.217300 143.102509 223.772507
144.564400 223.496400 141.764221 223.018509
143.010800 222.963900 140.242889 222.430664
141.316600 222.568700 138.560135 221.993774
139.454500 222.334500 136.725235 221.694855
137.425000 222.166300 134.740677 221.452026
135.205500 222.050100 132.599976 221.286179
132.804000 221.961500 130.197784 221.162292
130.267400 221.919300 127.647400 221.051285
127.508700 221.882500 124.886833 220.910461
124.622700 221.854300 122.011665 220.764328
121.664000 221.830100 119.065628 220.633087
118.657200 221.763300 116.034149 220.483582
115.641600 221.685500 113.045326 220.290771
112.627300 221.570300 110.058243 220.069519
109.673500 221.356100 107.106918 219.841080
106.754900 221.166500 104.188431 219.614044
103.815900 220.977200 101.259102 219.406219
100.933900 220.822800 98.377922 219.204956
98.075460 220.656000 95.523300 219.012970
95.253020 220.487500 92.713303 218.802704
92.486910 220.344500 89.977646 218.587250
89.875370 220.223200 87.392433 218.384277
87.458400 220.103100 84.979317 218.186478
85.308900 219.940400 82.805145 218.025421
83.404740 219.814900 80.889908 217.921158
81.811460 219.719400 79.254486 217.864182
80.386560 219.682400 77.801888 217.862152
79.003730 219.767200 76.409637 217.929169
77.660700 220.007600 75.065140 218.122009
76.371580 220.406400 73.764122 218.468445
75.155860 220.960300 72.604935 218.972015
74.011040 221.726500 71.439209 219.695267
72.923470 222.715600 70.311630 220.624741
71.978870 223.872400 69.331421 221.730591
71.184520 225.266700 68.537056 223.020676
70.559680 226.755300 67.885864 224.423828
70.106430 228.212400 67.449524 225.889709
69.780350 229.717400 67.128387 227.387314
69.611080 231.273600 66.950089 228.922531
69.507330 232.885000 66.832603 230.517929
69.413710 234.508900 66.728714 232.118790
69.343880 236.144900 66.640167 233.736771
69.165330 237.775100 66.440804 235.321381
68.850580 239.377200 66.133896 236.840683
68.411010 240.827300 65.638512 238.245560
67.727420 242.111200 64.912178 239.509766
66.803100 243.182900 63.981224 240.602051
65.701790 244.107800 62.852776 241.541931
64.448250 244.782200 61.606831 242.189941
63.080800 245.260000 60.215813 242.662506
61.580750 245.474700 58.712486 242.853119
60.021940 245.545100 57.178745 242.881912
58.373630 245.501300 55.549324 242.796875
56.557790 245.387700 53.768719 242.707352
54.575700 245.267600 51.813721 242.586929
52.422320 245.171900 49.680065 242.496613
50.087930 245.081900 47.362476 242.384109
47.581640 245.008900 44.855892 242.274109
44.918970 244.937600 42.194920 242.130569
42.122820 244.817200 39.373482 241.961105
39.164720 244.672400 36.404255 241.764771
36.057060 244.510700 33.285809 241.546051
32.840100 244.318200 30.063419 241.295349
29.595440 244.119000 26.808840 241.036774
26.356030 243.938500 23.564167 240.813004
23.136280 243.778100 20.344786 240.607437
19.923890 243.574600 17.108547 240.349380
16.771670 243.333700 13.950922 240.064606
13.661940 243.082500 10.859818 239.764282
10.666390 242.818300 7.865372 239.457474
7.814747 242.555200 5.033159 239.162399
5.139292 242.325200 2.372532 238.903564
2.679849 242.118700 -0.082012 238.672119
0.450309 241.930700 -2.306234 238.461746
-1.528966 241.776000 -4.285714 238.283051
-3.228819 241.670700 -5.977692 238.154633
-4.618300 241.633500 -7.353993 238.096756
-5.727634 241.635600 -8.459135 238.093613
-6.594910 241.676300 -9.316647 238.131546
-7.316062 241.736500 -10.032735 238.185776
-7.999830 241.824600 -10.711121 238.275360
-8.668434 241.971800 -11.355881 238.415833
-9.310473 242.159800 -11.997879 238.603378
-10.040280 242.489600 -12.717491 238.911728
-10.900630 242.986700 -13.569328 239.368713
-11.788840 243.696900 -14.478142 240.053162
-12.605680 244.629900 -15.308174 240.960022
-13.325190 245.805400 -16.085579 242.140060
-13.876090 247.212100 -16.648682 243.601120
-14.262280 248.903900 -17.037624 245.303284
-14.456720 250.843200 -17.230938 247.239822
-14.534350 252.994100 -17.319223 249.392517
-14.597030 255.350200 -17.401960 251.756821
-14.667090 257.910700 -17.503073 254.301010
-14.735990 260.649600 -17.611538 257.039886
-14.849520 263.575900 -17.776022 259.967712
-14.957480 266.729800 -17.947700 263.121674
-15.059630 270.015600 -18.110157 266.397766
-15.182710 273.477200 -18.317072 269.833557
-15.303150 277.021400 -18.524704 273.346008
-15.440230 280.658500 -18.744001 276.954315
-15.590580 284.351600 -18.977043 280.619019
-15.764490 288.068200 -19.242352 284.298218
-15.946800 291.811700 -19.503218 288.020142
-16.099940 295.543400 -19.729637 291.729034
-16.260060 299.308400 -19.963715 295.488739
-16.425310 303.105800 -20.197056 299.261841
-16.590140 306.893300 -20.425060 303.045776
-16.756680 310.705900 -20.671856 306.802643
-16.910250 314.536100 -20.913158 310.596008
-17.062160 318.371600 -21.143890 314.405304
-17.211700 322.183300 -21.387991 318.229706
-17.359600 325.995800 -21.633490 322.034973
-17.503240 329.777900 -21.873291 325.814514
-17.652950 333.537700 -22.101334 329.555542
-17.803470 337.274400 -22.327591 333.263977
-17.965510 340.928300 -22.550280 336.874054
-18.139020 344.467400 -22.808220 340.417603
-18.309560 347.827300 -23.034946 343.759308
-18.498430 351.069300 -23.277359 346.974823
-18.657830 354.177800 -23.476866 350.089386
-18.779270 357.113600 -23.646301 353.022339
-18.870160 359.864000 -23.778044 355.767670
-18.946200 362.402300 -23.888132 358.295685
-18.990920 364.711200 -23.989590 360.592163
-19.050610 366.784400 -24.074394 362.632843
-19.150770 368.599600 -24.226505 364.418762
-19.288630 370.232600 -24.409813 366.025726
-19.600770 371.746300 -24.751312 367.463989
-20.181060 373.134000 -25.379990 368.785553
-21.046240 374.352900 -26.135254 369.849304
-22.127780 375.353800 -27.155624 370.794250
-23.457040 376.098400 -28.450333 371.486542
-24.934490 376.556700 -29.936653 371.892365
-26.555040 376.670400 -31.519623 371.934387
-28.276760 376.521700 -33.172764 371.713379
-30.056280 376.231600 -34.937901 371.357666
-31.975970 375.881500 -36.822845 370.990875
-34.041570 375.538800 -38.858814 370.625763
-36.312400 375.174700 -41.102890 370.219330
-38.740670 374.815500 -43.515202 369.818054
-41.349510 374.513500 -46.095139 369.473633
-44.097790 374.260800 -48.851768 369.189758
-47.011360 374.040700 -51.760872 368.950287
-50.040150 373.823900 -54.795460 368.691620
-53.185680 373.618900 -57.915306 368.450623
-56.406270 373.421900 -61.129868 368.210205
-59.653410 373.251300 -64.352051 367.974945
-62.943060 373.083600 -67.633636 367.743866
-66.219570 372.909300 -70.906158 367.503174
-69.486870 372.732000 -74.147682 367.253967
-72.726120 372.532900 -77.371483 366.996094
-75.949990 372.348800 -80.583748 366.741669
-79.132360 372.198800 -83.758415 366.520264
-82.276670 372.085900 -86.911850 366.334534
-85.318380 372.021300 -89.963470 366.197266
-88.202870 371.999200 -92.859665 366.101074
-90.927450 371.989600 -95.591774 366.026611
-93.555550 371.974900 -98.231071 365.952423
-96.169310 371.894100 -100.847351 365.806519
-98.735200 371.699400 -103.403015 365.553009
-101.335900 371.405700 -106.009499 365.205566
-104.006100 371.090100 -108.670258 364.830566
-106.771100 370.792200 -111.433189 364.472473
-109.682200 370.477800 -114.333344 364.106812
-112.739100 370.228500 -117.391251 363.804535
-115.931600 370.036400 -120.575737 363.534698
-119.286600 369.828600 -123.907692 363.276337
-122.729500 369.724600 -127.341057 363.096283
-126.288700 369.671200 -130.905060 362.963165
-129.839700 369.662300 -134.452591 362.881134
-133.385600 369.650900 -137.996704 362.800201
-136.894400 369.634000 -141.500702 362.719879
-140.398100 369.514400 -144.982224 362.519318
-143.862100 369.340500 -148.454407 362.277802
-147.327600 369.166400 -151.906494 362.043762
-150.737000 368.971100 -155.305466 361.784088
-154.158600 368.781900 -158.699677 361.534149
-157.533900 368.539100 -162.071320 361.231934
-160.863100 368.281900 -165.373383 360.908142
-164.185700 368.025000 -168.705154 360.591766
-167.432800 367.748600 -171.940689 360.271271
-170.642400 367.488400 -175.167145 359.965424
-173.841400 367.227100 -178.363373 359.660675
-177.023700 366.951400 -181.520340 359.334961
-180.244500 366.730400 -184.729523 359.054688
-183.473900 366.580900 -187.952377 358.838684
-186.744800 366.472000 -191.198792 358.670135
-190.033500 366.367300 -194.463806 358.487122
-193.355400 366.250500 -197.745178 358.302429
-196.716900 366.188600 -201.095734 358.165161
-200.121200 366.182600 -204.491425 358.117035
-203.540500 366.199800 -207.880539 358.061676
-206.952700 366.227500 -211.274307 358.029816
-210.347900 366.285500 -214.646194 358.019745
-213.706200 366.365900 -218.005508 358.036285
-217.009500 366.481900 -221.308685 358.084839
-220.179700 366.654500 -224.467255 358.196960
-223.191200 366.879000 -227.493988 358.372437
-226.097000 367.114900 -230.397568 358.546265
-228.814800 367.345400 -233.146683 358.729889
-231.386300 367.584000 -235.721054 358.923920
-233.712600 367.887700 -238.056610 359.191223
-235.782000 368.275800 -240.128510 359.538971
-237.675400 368.737900 -242.021973 359.970642
-239.369400 369.206200 -243.729340 360.406647
-240.923900 369.617600 -245.306046 360.803589
-242.343700 369.946600 -246.729279 361.097809
-243.617800 370.200700 -248.019241 361.328583
-244.859400 370.340600 -249.253113 361.448486
-246.077300 370.391700 -250.463058 361.472809
-247.267700 370.379800 -251.649261 361.445038
-248.493500 370.333700 -252.861313 361.375824
-249.783700 370.306600 -254.149719 361.330414
-251.078800 370.299200 -255.433319 361.299957
-252.358200 370.349900 -256.722839 361.339325
-253.632100 370.436500 -258.012360 361.395630
-254.850600 370.581800 -259.229462 361.523651
-255.940600 370.729900 -260.324982 361.638916
-256.915700 370.895600 -261.302612 361.811157
-257.880300 371.026600 -262.261017 361.924591
-258.825300 371.074700 -263.207550 361.969727
-259.790200 371.036700 -264.166534 361.925262
-260.853800 370.865000 -265.231720 361.772552
-261.981300 370.525600 -266.337250 361.386414
-263.149900 369.955400 -267.528656 360.827484
-264.334300 369.128800 -268.671234 359.996948
-265.453200 367.983800 -269.775055 358.833710
-266.451000 366.525200 -270.767639 357.352356
-267.251800 364.723800 -271.507202 355.605103
-267.949500 362.709300 -272.156250 353.610779
-268.506500 360.485200 -272.672760 351.383789
-268.941500 358.026800 -273.050507 348.921204
-269.220400 355.348600 -273.266479 346.250854
-269.448800 352.477300 -273.419678 343.388916
-269.718000 349.407100 -273.612854 340.331238
-269.985700 346.177700 -273.794769 337.090057
-270.257600 342.841000 -273.956970 333.763489
-270.518100 339.408900 -274.116455 330.326324
-270.754500 335.850800 -274.247406 326.753906
-270.955500 332.279200 -274.323334 323.197235
-271.100700 328.699800 -274.369446 319.623901
-271.205200 325.126400 -274.370941 316.068054
-271.267700 321.587300 -274.320404 312.536346
-271.275200 318.070500 -274.219238 309.027893
-271.222900 314.582000 -274.063354 305.541046
-271.120000 311.120600 -273.849365 302.114899
-270.978000 307.683800 -273.594513 298.697754
-270.782700 304.265600 -273.303894 295.323303
-270.528600 300.853100 -272.958405 291.949097
-270.242000 297.429400 -272.584259 288.537689
-269.919600 293.989900 -272.161652 285.158722
-269.545200 290.528500 -271.698975 281.736176
-269.141700 287.042100 -271.195099 278.292297
-268.688300 283.528200 -270.666840 274.826782
-268.188900 279.998100 -270.079956 271.339020
-267.644900 276.438400 -269.452881 267.837219
-267.060700 272.864800 -268.788513 264.282166
-266.415600 269.267600 -268.048309 260.735596
-265.703700 265.659900 -267.261841 257.210999
-264.933700 262.028500 -266.402405 253.656387
-264.083600 258.356100 -265.464722 250.063766
-263.198600 254.694500 -264.496674 246.424225
-262.249500 251.044300 -263.457886 242.830719
-261.237300 247.429800 -262.375122 239.274628
-260.189300 243.839800 -261.249573 235.766541
-259.094000 240.246100 -260.080566 232.211945
-257.955600 236.666200 -258.867798 228.726242
-256.772700 233.104800 -257.621826 225.291656
-255.531300 229.548500 -256.315094 221.822067
-254.248400 226.028100 -254.969620 218.368881
-252.919100 222.544000 -253.561554 214.958679
-251.574800 219.079600 -252.150299 211.600983
-250.208800 215.633800 -250.717834 208.239761
-248.823500 212.212300 -249.262466 204.898300
-247.396200 208.816100 -247.789948 201.571533
-245.924600 205.438400 -246.262207 198.253296
-244.407500 202.096000 -244.698776 194.984711
-242.864900 198.761700 -243.108658 191.737381
-241.279000 195.474400 -241.460541 188.512512
-239.649300 192.235800 -239.789337 185.324036
-237.983200 189.035400 -238.086685 182.223267
-236.298900 185.858800 -236.351807 179.105499
-234.588400 182.702700 -234.589630 176.033524
-232.835600 179.589900 -232.796753 172.987854
-231.009300 176.491000 -230.931946 169.924484
-229.111700 173.245900 -229.010010 166.860214
-227.176300 170.021800 -227.060150 163.757080
-225.177100 166.838100 -225.030197 160.688843
-223.121100 163.678300 -222.947906 157.653839
-221.021800 160.583500 -220.829559 154.663513
-218.906700 157.528200 -218.695404 151.682724
-216.758300 154.516100 -216.501709 148.738922
-214.598900 151.542200 -214.316299 145.829987
-212.419400 148.613400 -212.096191 142.975143
-210.228200 145.723000 -209.877945 140.144867
-207.984500 142.875200 -207.622101 137.384354
-205.709300 140.044600 -205.328918 134.615112
-203.367700 137.252600 -202.946182 131.880692
-200.986900 134.476000 -200.554138 129.155396
-198.545200 131.709700 -198.122925 126.483643
-196.059300 128.939500 -195.616241 123.769638
-193.510200 126.196800 -193.009766 121.056671
-190.897300 123.468900 -190.396835 118.421051
-188.227400 120.762000 -187.725647 115.771706
-185.497000 118.076800 -184.997711 113.138504
-182.724000 115.414700 -182.199615 110.521050
-179.874900 112.756200 -179.312637 107.890205
-176.963500 110.129700 -176.401382 105.318665
-174.022700 107.478800 -173.471970 102.756348
-171.062700 104.830200 -170.474899 100.163658
-168.072200 102.205400 -167.471222 97.600525
-165.063500 99.572080 -164.436188 95.033569
-162.094200 96.925240 -161.428329 92.453812
-159.158100 94.245620 -158.475723 89.816818
-156.222000 91.591220 -155.520004 87.234772
-153.302600 88.949020 -152.558746 84.633484
-150.415700 86.290970 -149.650208 82.027191
-147.525700 83.616700 -146.741333 79.430504
-144.616800 80.967880 -143.808517 76.842834
-141.680000 78.334030 -140.898560 74.298843
-138.744900 75.701910 -137.985504 71.741310
-135.803000 73.066790 -135.052826 69.161560
-132.863800 70.434610 -132.115906 66.591240
-129.933000 67.796650 -129.175247 63.999290
-127.009300 65.165490 -126.271042 61.460640
-124.094300 62.565200 -123.346092 58.906288
-121.185800 59.961850 -120.440567 56.377323
-118.275800 57.358150 -117.549507 53.843212
-115.383500 54.746480 -114.669319 51.295952
-112.487100 52.132910 -111.751221 48.744377
-109.563100 49.507800 -108.806831 46.168907
-106.649400 46.882310 -105.882675 43.606049
-103.717200 44.240620 -102.972939 41.070572
-100.776700 41.607720 -100.000404 38.510536
-97.815960 38.955960 -97.055054 35.944279
-94.863170 36.299440 -94.106606 33.377777
-91.884440 33.643060 -91.106667 30.777555
-88.909720 30.989760 -88.141922 28.190104
-85.917480 28.322680 -85.159775 25.608227
-82.929050 25.668410 -82.173363 23.018227
-79.941980 23.038030 -79.190674 20.460636
-76.962720 20.421650 -76.234978 17.924931
-74.007520 17.823510 -73.282608 15.404871
-71.092400 15.226900 -70.356422 12.861374
-68.209240 12.634500 -67.464294 10.317532
-65.354250 10.051970 -64.612068 7.806711
-62.542350 7.481356 -61.789871 5.297308
-59.754040 4.927046 -58.989105 2.791117
-57.009180 2.422195 -56.238159 0.359125
-54.340090 0.009828 -53.588417 -1.982342
-51.766990 -2.296378 -51.006653 -4.252024
-49.260900 -4.526641 -48.479710 -6.463232
-46.853800 -6.677798 -46.053940 -8.589302
-44.569730 -8.685225 -43.753365 -10.541336
-42.404320 -10.528340 -41.578331 -12.357559
-40.364200 -12.198710 -39.531212 -13.988822
-38.389800 -13.695430 -37.524982 -15.475924
-36.423220 -15.003710 -35.554222 -16.741898
-34.423200 -16.097900 -33.559395 -17.794388
-32.364650 -16.913830 -31.496826 -18.598389
-30.265120 -17.411740 -29.432951 -19.070351
-28.163420 -17.604910 -27.378635 -19.223305
-26.110560 -17.459960 -25.370047 -19.051064
-24.143360 -16.987220 -23.448265 -18.554070
-22.296980 -16.217800 -21.656120 -17.768391
-20.604650 -15.231400 -19.969238 -16.775560
-19.008910 -14.153640 -18.374584 -15.668770
-17.427180 -13.090130 -16.803274 -14.578076
-15.874640 -12.069320 -15.253315 -13.530067
-14.363580 -11.106930 -13.750605 -12.531054
-12.922670 -10.242620 -12.301361 -11.625548
-11.574780 -9.466819 -10.947927 -10.811377
-10.317910 -8.788752 -9.686386 -10.097665
-9.188230 -8.193104 -8.542191 -9.455322
-8.211014 -7.716742 -7.565725 -8.944492
-7.426664 -7.335419 -6.780720 -8.531057
-6.732949 -7.004384 -6.098007 -8.180664
-6.081177 -6.624412 -5.438715 -7.797993
-5.489078 -6.233971 -4.844703 -7.403737
-4.934984 -5.802268 -4.288996 -6.974574
-4.339961 -5.285216 -3.690172 -6.448387
-3.697865 -4.592905 -3.078708 -5.753511
-3.037676 -3.769289 -2.405828 -4.923363
-2.408137 -2.790908 -1.816253 -3.949998
-1.801721 -1.625169 -1.222086 -2.796863
-1.269630 -0.215074 -0.705767 -1.371452
-0.812186 1.417145 -0.265571 0.236505
-0.577413 3.304554 -0.015466 2.045941
-0.470925 5.426109 0.101749 4.072123
-0.476637 7.694492 0.068901 6.253132
-0.570738 10.119870 -0.052601 8.620773
-0.648451 12.686750 -0.158734 11.116625
-0.748385 15.378500 -0.296298 13.786193
-0.860824 18.191740 -0.457688 16.581682
-0.998219 21.084400 -0.613880 19.481657
-1.176238 24.100490 -0.834733 22.507978
-1.395968 27.224660 -1.080554 25.600103
-1.640741 30.420880 -1.356986 28.777151
-1.879320 33.664680 -1.645414 32.015556
-2.150183 36.923590 -1.955499 35.254986
-2.397389 40.249040 -2.257124 38.525417
-2.638864 43.594280 -2.552894 41.838470
-2.848280 46.962570 -2.819020 45.203323
-3.041372 50.356970 -3.075024 48.562489
-3.212653 53.820380 -3.312004 51.983826
-3.380992 57.307360 -3.537443 55.418213
-3.567609 60.834770 -3.777976 58.932201
-3.786600 64.385720 -4.046890 62.465691
-3.981904 67.973540 -4.311493 66.022507
-4.173959 71.565920 -4.560994 69.600433
-4.396788 75.106490 -4.819435 73.127808
-4.593996 78.623730 -5.056957 76.646500
-4.800834 82.136440 -5.297686 80.165512
-5.016400 85.597270 -5.567142 83.607315
-5.214554 89.008160 -5.807130 86.993103
-5.369648 92.435540 -6.004261 90.378288
-5.524006 95.827610 -6.200446 93.761551
