0.000000 0.000000 -0.000000 -0.000000
-0.007832 1.689225 -0.009047 1.684670
-0.029694 3.390281 -0.047193 3.373667
-0.070081 5.150463 -0.078322 5.149518
-0.123858 6.989627 -0.124409 6.999803
-0.184475 8.978383 -0.171713 8.981070
-0.253794 11.064230 -0.224565 11.080297
-0.296212 13.335200 -0.298895 13.367146
-0.345120 15.748820 -0.358364 15.789242
-0.368644 18.288060 -0.415589 18.345264
-0.406558 20.990620 -0.474004 21.122343
-0.450732 23.849210 -0.555382 23.942987
-0.505576 26.794890 -0.635485 26.874929
-0.567916 29.817300 -0.748938 29.888700
-0.634186 32.902500 -0.831171 32.997570
-0.704629 36.067260 -0.934315 36.192444
-0.763742 39.276990 -1.027532 39.430435
-0.840559 42.506460 -1.143206 42.706707
-0.944805 45.707290 -1.257778 45.944195
-1.050114 48.934630 -1.386026 49.247910
-1.142897 52.159540 -1.503654 52.524734
-1.248790 55.372460 -1.594898 55.787720
-1.352181 58.600620 -1.679099 59.050846
-1.444555 61.847430 -1.764929 62.340797
-1.528092 65.085270 -1.852831 65.608383
-1.623511 68.349680 -1.970075 68.894081
-1.697570 71.605970 -2.057902 72.173592
-1.784427 74.842930 -2.153473 75.443130
-1.892754 78.044640 -2.251899 78.699463
-2.009246 81.241000 -2.359643 81.929520
-2.118145 84.381460 -2.471751 85.139168
-2.224921 87.410700 -2.580013 88.212219
-2.344772 90.265560 -2.700512 91.081383
-2.486719 92.915770 -2.831517 93.763351
-2.649588 95.352060 -2.990834 96.220642
-2.827593 97.533080 -3.148113 98.395905
-2.992555 99.437370 -3.295165 100.352890
-3.132396 101.119600 -3.441063 102.029495
-3.196722 102.604300 -3.493815 103.539238
-3.182672 103.907400 -3.469577 104.863007
-3.061832 105.116200 -3.317677 106.093575
-2.813888 106.240500 -3.060095 107.241951
-2.431748 107.285400 -2.692333 108.258301
-1.921488 108.234600 -2.194553 109.209625
-1.282825 109.049600 -1.570873 110.038902
-0.530716 109.791000 -0.807087 110.803299
0.374458 110.404000 0.133156 111.433289
1.408134 110.856700 1.158752 111.847221
2.533142 111.185100 2.310450 112.210274
3.783818 111.364400 3.551435 112.349480
5.173439 111.489500 4.978887 112.462265
6.728517 111.518300 6.500060 112.490028
8.447661 111.482200 8.255944 112.458984
10.365340 111.411600 10.158539 112.389816
12.440570 111.376600 12.240532 112.353378
14.658270 111.336300 14.465719 112.322525
16.980990 111.294300 16.811380 112.293442
19.371510 111.225100 19.221161 112.230164
21.827520 111.168600 21.689758 112.171837
24.338230 111.128000 24.220745 112.125214
26.865460 111.086600 26.772873 112.067368
29.340250 111.018500 29.277241 111.977097
31.824380 110.949500 31.779533 111.906601
34.255590 110.895700 34.226372 111.855560
36.655720 110.832300 36.672424 111.796562
39.023530 110.760300 38.978954 111.688728
41.348270 110.661800 41.294746 111.595856
43.625630 110.563400 43.593842 111.506706
45.778700 110.472200 45.745670 111.404350
47.871130 110.381700 47.854893 111.320686
49.939530 110.289100 49.912865 111.205864
51.971720 110.194600 51.946323 111.112244
53.966400 110.084400 53.937302 110.983780
55.968740 109.922700 55.955498 110.823380
58.012520 109.724900 58.036354 110.640556
60.142410 109.502900 60.165745 110.407234
62.329410 109.265100 62.339104 110.169304
64.563430 109.013700 64.583778 109.919609
66.805840 108.790700 66.834435 109.660179
69.024790 108.566800 69.064896 109.413193
71.274060 108.316000 71.295403 109.138191
73.551630 108.056300 73.573532 108.851784
75.878910 107.783000 75.932510 108.572571
78.249380 107.482800 78.295532 108.247513
80.656160 107.159100 80.675194 107.898056
83.128450 106.823200 83.167648 107.543411
85.650170 106.498800 85.700569 107.214249
88.195570 106.179900 88.251122 106.882370
90.756270 105.878900 90.815552 106.564827
93.347120 105.574100 93.405418 106.248421
95.936460 105.267700 95.999413 105.930344
98.498850 104.969700 98.573051 105.622566
101.043100 104.696300 101.138702 105.350876
103.535900 104.414000 103.650978 105.057732
105.990700 104.117400 106.125084 104.750725
108.401400 103.830100 108.550552 104.458450
110.756600 103.530500 110.936668 104.153374
113.078300 103.210700 113.269173 103.821640
115.356600 102.887000 115.563438 103.472916
117.639100 102.533100 117.843262 103.120880
119.873200 102.178000 120.097702 102.762917
122.079200 101.811900 122.294304 102.374344
124.272600 101.407700 124.521225 101.967590
126.424700 100.975200 126.667374 101.530823
128.537100 100.456100 128.787781 100.993294
130.617700 99.856810 130.882736 100.388275
132.667800 99.216070 132.945023 99.729752
134.687400 98.553530 134.957870 99.054802
136.660100 97.926510 136.944397 98.440964
138.607400 97.314350 138.881287 97.832878
140.503400 96.738880 140.781311 97.264107
142.369000 96.204360 142.639679 96.737091
144.202100 95.695640 144.480576 96.241592
145.980300 95.244100 146.229874 95.801781
147.725300 94.841610 147.960159 95.404388
149.451200 94.497860 149.696259 95.066742
151.160400 94.251030 151.383972 94.838287
152.853900 94.142140 153.054260 94.755981
154.532700 94.132680 154.726212 94.750183
156.196500 94.120650 156.387070 94.731163
157.821400 94.007330 158.011292 94.597290
159.401200 93.838200 159.594864 94.420036
160.938600 93.578160 161.133255 94.152870
162.417600 93.276270 162.627563 93.834320
163.854200 92.938740 164.080338 93.484764
165.277700 92.622550 165.513885 93.141296
166.674900 92.299640 166.916428 92.795624
168.125300 91.946090 168.385284 92.420135
169.638900 91.526300 169.899628 91.984749
171.214100 91.062420 171.487076 91.503494
172.836600 90.569120 173.114410 90.990875
174.480800 90.035230 174.778931 90.446281
176.115700 89.513510 176.432861 89.909653
177.736600 89.009020 178.065491 89.385963
179.315600 88.539550 179.682861 88.903999
180.808000 88.123170 181.192871 88.468292
182.185700 87.753480 182.587448 88.079544
183.432400 87.482040 183.828156 87.781303
184.623100 87.293670 185.011124 87.587753
185.803900 87.231550 186.196228 87.505661
186.952000 87.297830 187.321030 87.571281
188.068600 87.451920 188.424683 87.733467
189.154900 87.728640 189.518158 87.996445
190.233600 88.157250 190.592209 88.433945
191.320100 88.781620 191.682144 89.048592
192.410500 89.600550 192.743149 89.851166
193.454200 90.684490 193.746658 90.953140
194.437900 91.988930 194.711243 92.213959
195.378100 93.548950 195.613434 93.699326
196.271500 95.327110 196.492706 95.431488
197.137400 97.277400 197.361267 97.357559
197.949900 99.411050 198.192490 99.503197
198.716100 101.702700 198.962921 101.774239
199.516800 104.092500 199.799576 104.178658
200.371000 106.590800 200.666580 106.660187
201.252400 109.169500 201.573334 109.260376
202.151000 111.754400 202.495422 111.848099
203.059200 114.350500 203.408279 114.440727
203.983900 117.000400 204.322449 117.056183
204.857600 119.562000 205.239914 119.690155
205.735000 122.179100 206.136902 122.320389
206.598600 124.790300 207.029816 124.944626
207.440900 127.377400 207.904068 127.544693
208.242800 129.908400 208.734573 130.092560
208.997300 132.350000 209.511810 132.540985
209.687300 134.653600 210.217941 134.850113
210.315800 136.812600 210.876938 137.036911
210.853400 138.781000 211.428833 139.001892
211.314900 140.528100 211.916077 140.758453
211.724000 142.072000 212.342911 142.314316
212.087800 143.489600 212.714371 143.730774
212.418900 144.848700 213.055588 145.099960
212.644500 146.170800 213.282928 146.420609
212.735200 147.467000 213.378723 147.711365
212.655400 148.727700 213.301041 148.961182
212.394800 149.931200 213.072174 150.096603
211.967700 151.060900 212.669418 151.181595
211.327800 152.041400 212.092468 152.170532
210.570500 152.900300 211.315247 153.018082
209.690200 153.609600 210.460052 153.699677
208.709700 154.127900 209.507309 154.215973
207.628600 154.446600 208.463074 154.578171
206.514300 154.663600 207.387726 154.784409
205.342600 154.839800 206.278412 154.974365
204.054700 154.916400 205.008301 155.070694
202.653200 155.003000 203.613556 155.194107
201.071000 155.004800 202.008209 155.225632
199.317900 154.934200 200.224335 155.171158
197.401000 154.857200 198.285324 155.114212
195.316900 154.772000 196.162186 155.045212
193.070500 154.750200 193.889343 155.051071
190.668800 154.808600 191.444855 155.137680
188.123400 154.966400 188.872910 155.292587
185.505500 155.209900 186.233810 155.544708
182.877200 155.502600 183.588348 155.839523
180.229400 155.806300 180.922455 156.164200
177.558300 156.111000 178.225388 156.492111
174.880600 156.428400 175.535751 156.835114
172.210900 156.745600 172.851624 157.176392
169.531800 157.057600 170.153397 157.502716
166.857300 157.367500 167.469330 157.829575
164.166400 157.687700 164.794525 158.154724
161.543900 158.015100 162.133621 158.498367
158.917500 158.348300 159.488403 158.837463
156.307000 158.685700 156.856049 159.189285
153.701700 159.029500 154.233185 159.539536
151.074500 159.379400 151.584244 159.903992
148.417600 159.744000 148.893463 160.274368
145.726100 160.131500 146.225815 160.657745
143.006700 160.516800 143.491974 161.041779
140.244900 160.894500 140.692413 161.439926
137.441200 161.249200 137.890961 161.792267
134.595200 161.560200 135.014587 162.098770
131.711200 161.840600 132.130600 162.382614
128.789000 162.129400 129.199829 162.691940
125.847000 162.402500 126.240173 162.976807
122.922800 162.662800 123.296684 163.258286
120.011500 162.917000 120.354683 163.522446
117.096200 163.164900 117.433228 163.797424
114.183400 163.417600 114.501045 164.074524
111.271300 163.676400 111.584381 164.355835
108.360000 163.930000 108.665459 164.632370
105.444700 164.185400 105.749359 164.896606
102.540700 164.434900 102.851006 165.169846
99.644400 164.672400 99.978203 165.431396
96.744730 164.928100 97.053749 165.707321
93.849290 165.223100 94.172394 166.008240
90.952140 165.530200 91.260437 166.340027
88.065380 165.851200 88.352814 166.674789
85.150470 166.191600 85.429993 167.036407
82.242610 166.531500 82.497086 167.372803
79.311830 166.862600 79.534042 167.725662
76.393260 167.201900 76.592987 168.057922
73.438700 167.538900 73.627457 168.412582
70.485150 167.863400 70.649826 168.736191
67.519840 168.167700 67.655075 169.050751
64.540850 168.441900 64.658669 169.335632
61.540400 168.697200 61.644550 169.607803
58.537190 168.941400 58.619980 169.871323
55.533930 169.185000 55.598553 170.133942
52.543330 169.420200 52.602859 170.378204
49.571870 169.640200 49.636978 170.609528
46.635500 169.839600 46.699493 170.821701
43.710130 170.017100 43.772614 171.006104
40.823360 170.176600 40.885006 171.180618
37.953040 170.328300 38.017612 171.353867
35.132860 170.473500 35.190662 171.522324
32.385260 170.602800 32.416458 171.673065
29.704360 170.713400 29.737167 171.804077
27.093420 170.807100 27.104019 171.914291
24.583170 170.877300 24.589083 172.010773
22.209330 170.937800 22.203148 172.111725
19.944280 171.027800 19.934158 172.227097
17.748010 171.142200 17.712780 172.359222
15.606760 171.273100 15.551278 172.498459
13.545460 171.403600 13.466877 172.634308
11.568070 171.540200 11.476049 172.774338
9.709170 171.687300 9.595976 172.931870
7.998637 171.853700 7.873258 173.102295
6.432635 172.024100 6.296715 173.261780
4.995356 172.227700 4.833729 173.461319
3.674361 172.460800 3.511982 173.696243
2.475555 172.738700 2.298969 173.972275
1.394096 173.060700 1.214203 174.284210
0.435287 173.448800 0.234875 174.668045
-0.481995 173.905100 -0.637108 175.102112
-1.324858 174.456900 -1.501457 175.636139
-2.065394 175.091700 -2.267342 176.240723
-2.762100 175.808500 -2.937317 176.940002
-3.408457 176.720100 -3.593491 177.828430
-3.994755 177.763900 -4.161346 178.856354
-4.506015 178.951500 -4.666340 180.036346
-4.930925 180.367000 -5.108200 181.437042
-5.212692 181.952900 -5.391176 183.040497
-5.351521 183.714600 -5.508475 184.825912
-5.392321 185.625500 -5.530118 186.755951
-5.387940 187.682900 -5.516932 188.831741
-5.372151 189.871900 -5.488636 191.066803
-5.386586 192.193400 -5.497287 193.400909
-5.406023 194.585200 -5.501884 195.822952
-5.440439 197.017600 -5.529644 198.291473
-5.475977 199.456500 -5.585033 200.769699
-5.514842 201.934200 -5.634832 203.257706
-5.560062 204.406700 -5.695716 205.747269
-5.616804 206.863600 -5.764907 208.203766
-5.692115 209.294100 -5.836813 210.638184
-5.775682 211.678200 -5.923121 213.027405
-5.860771 213.990100 -6.007172 215.356125
-5.940900 216.159300 -6.084359 217.534866
-6.023283 218.169400 -6.169600 219.547989
-6.114588 220.000600 -6.254888 221.383728
-6.209081 221.641100 -6.349575 223.049072
-6.290085 223.094700 -6.432942 224.517456
-6.323739 224.427000 -6.479509 225.874771
-6.274326 225.732300 -6.419375 227.192947
-6.132258 226.985000 -6.265678 228.468719
-5.842543 228.167200 -5.957821 229.654587
-5.392446 229.278300 -5.516769 230.745758
-4.842747 230.275700 -4.982430 231.773560
-4.162700 231.192700 -4.316650 232.679886
-3.339169 232.032200 -3.467461 233.552185
-2.397566 232.795000 -2.490318 234.326187
-1.278517 233.345000 -1.369247 234.879471
0.002398 233.849400 -0.063705 235.394150
1.451824 234.167300 1.403625 235.709930
3.063341 234.394700 3.056175 235.949173
4.818404 234.521700 4.830575 236.090134
6.718857 234.529500 6.734013 236.078033
8.771869 234.476900 8.774336 236.009384
10.950050 234.353500 11.010942 235.896194
13.283690 234.242600 13.334908 235.780563
15.698180 234.114100 15.757154 235.653915
18.109840 234.011200 18.168598 235.548828
20.538930 233.937000 20.592045 235.462585
23.000350 233.896100 23.058754 235.402084
25.454510 233.895700 25.531544 235.363739
27.927720 233.889300 28.013353 235.332016
30.407900 233.872000 30.497986 235.280838
32.882140 233.853600 32.984600 235.235168
35.338500 233.829000 35.453598 235.179138
37.779520 233.790500 37.921421 235.109970
40.179400 233.727500 40.316845 235.024078
42.552300 233.662400 42.698193 234.931854
44.907840 233.595600 45.066528 234.851791
47.226940 233.520600 47.417934 234.756195
49.522840 233.434600 49.727528 234.652649
51.803140 233.370200 52.021515 234.570099
54.049950 233.306500 54.277653 234.475281
56.280590 233.226500 56.512493 234.371597
58.445580 233.147900 58.687057 234.274490
60.619970 233.086700 60.861832 234.198120
62.750480 233.037500 62.990154 234.132233
64.846290 232.998000 65.104630 234.068817
66.907940 232.934300 67.164848 233.987488
68.927460 232.866900 69.191666 233.903641
70.887740 232.814900 71.149261 233.834946
72.825750 232.758300 73.086243 233.764481
74.737930 232.699000 75.019669 233.704987
76.618370 232.622200 76.889160 233.610901
78.487810 232.513200 78.757179 233.507629
80.415420 232.376500 80.702072 233.367981
82.423060 232.187700 82.711174 233.176147
84.524370 231.969700 84.824646 232.960922
86.709120 231.699600 87.022118 232.672882
89.024130 231.380400 89.340469 232.343796
91.467840 231.021200 91.783768 231.968842
94.024580 230.649200 94.350143 231.583878
96.704300 230.258000 97.076675 231.174164
99.500260 229.890100 99.879639 230.793533
102.390800 229.569300 102.775871 230.455414
105.358500 229.285100 105.733231 230.169083
108.344900 229.013100 108.726440 229.885681
111.363200 228.734900 111.745018 229.595398
114.373200 228.477600 114.742935 229.334457
117.360000 228.229400 117.735367 229.083466
120.339400 228.001300 120.718826 228.850128
123.309400 227.796900 123.675995 228.637299
126.241200 227.623100 126.614853 228.446243
129.151600 227.477500 129.532913 228.278931
132.012600 227.318900 132.412430 228.109222
134.854400 227.154700 135.227631 227.920441
137.658300 226.984100 138.040237 227.737076
140.441600 226.780700 140.828171 227.518036
143.209300 226.535400 143.619934 227.259476
145.977400 226.238300 146.394714 226.942978
148.746000 225.862600 149.170258 226.555786
151.518600 225.402500 151.949921 226.095108
154.265800 224.858900 154.710831 225.517258
157.017900 224.208100 157.484650 224.873184
159.770300 223.494500 160.244598 224.143524
162.519400 222.782200 163.002487 223.422195
165.292700 222.111000 165.783264 222.742767
168.051700 221.507000 168.553513 222.130127
170.813300 220.973200 171.347000 221.576996
173.565300 220.491000 174.086121 221.080032
176.245800 220.043100 176.788773 220.636002
178.818800 219.633700 179.405991 220.191940
181.257200 219.251600 181.851074 219.788651
183.679400 218.884000 184.280853 219.368805
186.086900 218.497600 186.747330 218.964371
188.454700 218.100200 189.128204 218.539185
190.804000 217.716300 191.472473 218.133820
193.140800 217.373500 193.799713 217.774155
195.432100 217.054600 196.101212 217.451080
197.727600 216.759200 198.389328 217.132874
199.972100 216.485600 200.635605 216.838165
202.098700 216.237900 202.770599 216.577026
204.042400 215.996300 204.724503 216.326660
205.749800 215.775100 206.446457 216.101273
207.241200 215.583400 207.954483 215.918152
208.613300 215.379500 209.333664 215.731537
209.946100 215.165400 210.645416 215.530472
211.132200 214.943200 211.849854 215.325745
212.136600 214.744800 212.856857 215.135132
213.062500 214.534600 213.786713 214.946289
213.959300 214.314400 214.691345 214.744843
214.824000 214.088800 215.573700 214.543777
215.687900 213.834700 216.449738 214.301056
216.575000 213.526600 217.360092 213.988251
217.490900 213.157600 218.316162 213.620087
218.457300 212.700900 219.293503 213.167694
219.480700 212.125200 220.339508 212.581619
220.511700 211.370900 221.454178 211.802246
221.550800 210.459100 222.522034 210.854080
222.555600 209.363300 223.540085 209.735794
223.474400 208.082600 224.473999 208.402710
224.312800 206.641100 225.318893 206.933395
225.044800 205.038200 226.086838 205.241989
225.610700 203.260200 226.647552 203.389801
225.969900 201.350200 227.024612 201.428680
226.110100 199.367200 227.149170 199.391525
226.043000 197.305000 227.052856 197.319733
225.807700 195.159800 226.790756 195.163162
225.430000 192.956900 226.415817 192.990128
224.916600 190.707600 225.884140 190.744370
224.270500 188.432400 225.221588 188.459839
223.514900 186.121900 224.455261 186.135971
222.660400 183.771100 223.586731 183.771484
221.783100 181.391000 222.729660 181.399353
220.891900 178.998600 221.831009 179.021179
220.021400 176.587400 220.955963 176.620407
219.223500 174.200300 220.178131 174.228638
218.482200 171.834800 219.452332 171.945084
217.818500 169.568700 218.801834 169.710846
217.216600 167.458800 218.191513 167.589752
216.650700 165.491600 217.619690 165.631927
216.110800 163.682800 217.075073 163.804352
215.577800 162.017400 216.536026 162.112701
214.999400 160.430000 215.947571 160.510284
214.344800 158.975700 215.267578 159.045029
213.573800 157.662600 214.485352 157.728256
212.660500 156.532700 213.600845 156.623657
211.582500 155.560200 212.525940 155.633118
210.426600 154.805400 211.359329 154.886078
209.163000 154.246200 210.092117 154.353943
207.764200 153.857100 208.706497 153.982132
206.280800 153.652300 207.189255 153.762421
204.678000 153.573200 205.589661 153.690979
202.976300 153.576200 203.857742 153.716675
201.140400 153.649700 202.023376 153.798019
199.175800 153.795100 200.052948 153.973297
197.094000 154.001100 197.945801 154.192978
194.884400 154.205500 195.718231 154.416824
192.560300 154.427500 193.365402 154.658218
190.124200 154.677200 190.910416 154.915115
187.577500 154.946500 188.341858 155.193726
184.929000 155.250800 185.672943 155.514542
182.198300 155.594600 182.927841 155.870728
179.402300 155.944800 180.116119 156.233185
176.570000 156.287200 177.251862 156.600586
173.734500 156.623600 174.386261 156.957947
170.901000 156.954000 171.526093 157.318497
168.081500 157.295300 168.688980 157.685883
165.284900 157.640900 165.880814 158.054489
162.507400 157.987500 163.094742 158.418488
159.747400 158.333400 160.312271 158.772522
156.984600 158.680600 157.537704 159.135239
154.216200 159.032100 154.748413 159.497818
151.439500 159.399800 151.956116 159.886230
148.640500 159.792600 149.141235 160.295807
145.813800 160.206400 146.331650 160.710007
142.963600 160.610300 143.458633 161.118744
140.057000 160.997100 140.545975 161.514740
137.092200 161.347900 137.570419 161.870697
134.059200 161.649400 134.529343 162.174393
130.993600 161.935400 131.452881 162.477051
127.858900 162.233700 128.306808 162.783234
124.683800 162.520100 125.091957 163.080383
121.492100 162.798700 121.873032 163.362427
118.297400 163.082000 118.649414 163.662201
115.103400 163.377800 115.450455 163.961746
111.913100 163.672600 112.245132 164.274902
108.723500 163.966800 109.035599 164.583359
105.531500 164.253700 105.844917 164.886734
102.343500 164.537500 102.656883 165.175964
99.161640 164.825900 99.495804 165.487473
95.959550 165.164700 96.295639 165.834091
92.746890 165.547500 93.056152 166.224396
89.526460 165.956000 89.845589 166.634262
86.297890 166.381500 86.599258 167.094177
83.033610 166.817100 83.314041 167.541321
79.736970 167.238800 79.991341 167.986938
76.427180 167.629500 76.655792 168.385468
73.050320 167.986400 73.254852 168.756577
69.640860 168.315400 69.835487 169.098877
66.194370 168.637100 66.355560 169.448013
62.710330 168.931500 62.841415 169.759628
59.214430 169.199600 59.342751 170.047607
55.734640 169.446800 55.822433 170.320602
52.271980 169.681900 52.361404 170.555878
48.833520 169.903400 48.919250 170.795334
45.431860 170.116400 45.540955 171.019333
42.051610 170.315300 42.126598 171.225891
38.742450 170.482700 38.826183 171.410706
35.535340 170.629700 35.623863 171.568558
32.460880 170.758300 32.502617 171.724197
29.526980 170.862700 29.539604 171.849579
26.736320 170.955000 26.745144 171.948517
24.096640 171.032400 24.091991 172.036789
21.599520 171.132300 21.580847 172.148468
19.316590 171.344600 19.197008 172.302841
17.201760 171.658400 16.870930 172.559174
15.089840 171.971500 14.666376 172.869934
12.980420 172.284000 12.562431 173.243530
10.872410 172.596000 10.569031 173.615921
8.838192 172.907600 8.693819 173.956161
7.132350 173.177000 6.963032 174.204300
5.611287 173.387400 5.446934 174.420578
4.309371 173.544500 4.134298 174.590149
3.237420 173.651900 3.071905 174.707382
2.375838 173.729600 2.211439 174.790970
1.679549 173.799100 1.502350 174.862091
1.056923 173.859600 0.869226 174.921082
0.465217 173.909300 0.278635 174.963913
-0.128030 173.962400 -0.307127 175.009613
-0.720230 174.003300 -0.894403 175.054520
-1.330594 174.023800 -1.518847 175.071762
-2.080426 174.055200 -2.251446 175.101990
-2.997577 174.094600 -3.165166 175.141907
-4.098643 174.120700 -4.271249 175.164703
-5.416520 174.168000 -5.593397 175.212601
-6.936037 174.228300 -7.107200 175.278687
-8.609358 174.340400 -8.806944 175.424011
-10.463980 174.413000 -10.658916 175.497391
-12.494230 174.495000 -12.711338 175.598694
-14.662590 174.544200 -14.870279 175.647766
-17.028510 174.612700 -17.228935 175.730881
-19.515490 174.656900 -19.743416 175.781311
-22.153150 174.694500 -22.380192 175.841568
-24.891700 174.736800 -25.132812 175.908066
-27.728470 174.787700 -28.001827 175.969406
-30.668830 174.869400 -30.956715 176.059738
-33.671140 174.970100 -33.979576 176.163437
-36.734690 175.074800 -37.066402 176.285995
-39.843610 175.165700 -40.202332 176.379105
-43.001160 175.252500 -43.350174 176.462662
-46.184910 175.351700 -46.537930 176.557114
-49.374400 175.443100 -49.730659 176.656158
-52.557440 175.526000 -52.927460 176.724548
-55.757590 175.616000 -56.134190 176.823746
-58.925860 175.702900 -59.320492 176.915527
-62.130070 175.804700 -62.524105 177.021042
-65.328080 175.907300 -65.713638 177.118958
-68.537660 176.003100 -68.931931 177.197128
-71.749230 176.080900 -72.133217 177.267746
-74.976500 176.145900 -75.405457 177.340836
-78.208790 176.218000 -78.670471 177.388855
-81.447070 176.257900 -81.901062 177.426163
-84.692180 176.290600 -85.159279 177.453735
-87.936790 176.288700 -88.428429 177.454361
-91.211290 176.258400 -91.700775 177.420639
-94.484440 176.204800 -94.976112 177.366653
-97.757000 176.121600 -98.278755 177.305893
-101.045200 176.004400 -101.569939 177.191681
-104.339000 175.862100 -104.824753 177.048233
-107.640300 175.694600 -108.157814 176.924026
-110.948600 175.520500 -111.471909 176.772293
-114.267700 175.326000 -114.859505 176.604477
-117.598500 175.123100 -118.170914 176.391754
-120.942600 174.923200 -121.551987 176.205078
-124.293900 174.718800 -124.897034 175.990631
-127.663000 174.505900 -128.230331 175.767410
-131.048900 174.295300 -131.627762 175.565201
-134.443100 174.072500 -135.057663 175.359314
-137.847200 173.848200 -138.459427 175.133636
-141.262000 173.635000 -141.859970 174.925964
-144.675300 173.415500 -145.280518 174.716965
-148.093400 173.189000 -148.669220 174.498352
-151.506600 172.967300 -152.099319 174.297943
-154.901800 172.728300 -155.500687 174.081482
-158.292900 172.494700 -158.878510 173.870850
-161.632200 172.250400 -162.225342 173.646439
-164.974900 172.022600 -165.562256 173.442169
-168.236000 171.803200 -168.846802 173.248291
-171.502400 171.597000 -172.138779 173.062546
-174.668300 171.359900 -175.322052 172.834686
-177.746400 171.132500 -178.433868 172.625854
-180.803200 170.903300 -181.491943 172.412979
-183.778700 170.687800 -184.500336 172.218384
-186.701500 170.475800 -187.408951 172.021606
-189.566000 170.268000 -190.270142 171.825272
-192.391300 170.070600 -193.093781 171.642197
-195.149900 169.858100 -195.861633 171.435791
-197.876000 169.626400 -198.602356 171.219742
-200.552400 169.372500 -201.286072 170.966003
-203.199000 169.063700 -203.911011 170.652313
-205.787000 168.703000 -206.527863 170.301926
-208.326100 168.290400 -209.092331 169.894455
-210.824000 167.881700 -211.641098 169.495224
-213.258300 167.488200 -214.077377 169.133240
-215.584000 167.155500 -216.458466 168.811081
-217.825600 166.951000 -218.727112 168.616562
-219.976700 166.840100 -220.890533 168.518570
-222.030600 166.826400 -222.977356 168.501740
-223.989000 166.912900 -224.959732 168.593750
-225.824600 167.087900 -226.832550 168.777237
-227.550100 167.325800 -228.579712 169.015564
-229.178200 167.608800 -230.210571 169.292343
-230.692700 167.920100 -231.705612 169.595184
-232.121600 168.192100 -233.131699 169.865387
-233.453600 168.409000 -234.475159 170.084457
-234.669500 168.528300 -235.677322 170.204468
-235.786800 168.548000 -236.794769 170.238892
-236.809500 168.431800 -237.815002 170.122513
-237.749100 168.202200 -238.684082 169.865768
-238.622500 167.871000 -239.550629 169.548798
-239.423500 167.439100 -240.265472 169.170578
-240.167900 166.948100 -241.035889 168.705017
-240.836500 166.406300 -241.713501 168.192337
-241.484000 165.802100 -242.395187 167.605118
-242.133500 165.204600 -243.011810 166.957642
-242.760700 164.564800 -243.649887 166.326508
-243.373200 163.846400 -244.265259 165.625580
-243.956600 163.041100 -244.884750 164.833954
-244.490700 162.132200 -245.402985 163.946152
-244.987900 161.116800 -245.927429 162.928055
-245.418700 159.925400 -246.363205 161.754990
-245.815100 158.551700 -246.777115 160.390228
-246.200000 156.991700 -247.166611 158.854507
-246.613900 155.230000 -247.586609 157.096695
-246.967700 153.214300 -247.945160 155.083862
-247.267000 150.943600 -248.247513 152.819183
-247.521500 148.451900 -248.514572 150.303360
-247.763400 145.749400 -248.782867 147.585419
-248.018000 142.841100 -249.049042 144.687622
-248.277200 139.720500 -249.326416 141.600021
-248.523100 136.389500 -249.580673 138.258163
-248.773200 132.870500 -249.836426 134.741959
-249.015800 129.335700 -250.095932 131.185837
-249.218400 125.814900 -250.319443 127.614067
-249.397800 122.286300 -250.519897 124.102654
-249.565200 118.755000 -250.685669 120.574600
-249.697400 115.238200 -250.811325 117.028664
-249.820200 111.741900 -250.968536 113.516647
-249.943300 108.268400 -251.099136 110.042374
-250.044800 104.815000 -251.208832 106.564514
-250.125300 101.386800 -251.291397 103.151939
-250.189300 97.986010 -251.374664 99.737297
-250.244000 94.598780 -251.436676 96.361794
-250.305600 91.259170 -251.505844 92.999344
-250.400100 87.936680 -251.614258 89.662018
-250.549700 84.645240 -251.772446 86.328941
-250.690200 81.356670 -251.930145 83.010468
-250.847000 78.103800 -252.102432 79.735977
-251.020300 74.824490 -252.278442 76.401505
-251.181200 71.549630 -252.454575 73.099884
-251.353200 68.299410 -252.654434 69.857079
-251.504400 65.068130 -252.808228 66.629753
-251.635100 61.852520 -252.939423 63.378876
-251.747700 58.661860 -253.072922 60.169373
-251.845300 55.489840 -253.164337 57.001083
-251.935900 52.343660 -253.279160 53.853573
-252.030900 49.220080 -253.377228 50.722313
-252.144000 46.116710 -253.518158 47.604385
-252.285100 43.039160 -253.679260 44.524391
-252.447800 39.988030 -253.833313 41.450729
-252.625400 36.956390 -254.025818 38.421448
-252.810700 33.954820 -254.238022 35.408237
-252.984400 30.978070 -254.404007 32.427101
-253.097600 28.028950 -254.530853 29.471592
-253.116300 25.101150 -254.552795 26.535645
-253.041100 22.203360 -254.488892 23.638586
-252.848100 19.324220 -254.307175 20.749996
-252.488000 16.480910 -253.961288 17.937996
-251.943700 13.650460 -253.441574 15.114330
-251.206200 10.846250 -252.720764 12.311611
-250.269300 8.064427 -251.807892 9.532280
-249.119400 5.314832 -250.669327 6.778801
-247.746000 2.616861 -249.326477 4.095573
-246.166100 -0.017969 -247.778198 1.461716
-244.406300 -2.619939 -246.035248 -1.149971
-242.507000 -5.201607 -244.140457 -3.758682
-240.543700 -7.805212 -242.159973 -6.406380
-238.527600 -10.441420 -240.147949 -9.072502
-236.482900 -13.102670 -238.105911 -11.757645
-234.463000 -15.778320 -236.067886 -14.472397
-232.508700 -18.481870 -234.101990 -17.219994
-230.631700 -21.211600 -232.192902 -19.981369
-228.850200 -23.973140 -230.413574 -22.766144
-227.120500 -26.731510 -228.646027 -25.573723
-225.420200 -29.466820 -226.936981 -28.343597
-223.756600 -32.175260 -225.271561 -31.067856
-222.113500 -34.852880 -223.633469 -33.746849
-220.503000 -37.487790 -222.015976 -36.406288
-218.945600 -40.020000 -220.447205 -38.972328
-217.473700 -42.350380 -218.971008 -41.308296
-216.081800 -44.449900 -217.578369 -43.414505
-214.778200 -46.310220 -216.274475 -45.281647
-213.569900 -47.963370 -215.082855 -46.926186
-212.469800 -49.406600 -213.975403 -48.397453
-211.402700 -50.703570 -212.912064 -49.714455
-210.350300 -51.866650 -211.857666 -50.884903
-209.329000 -52.882180 -210.857849 -51.894714
-208.342100 -53.712810 -209.882599 -52.730919
-207.433900 -54.314810 -208.995544 -53.337006
-206.639200 -54.750770 -208.202652 -53.792763
-205.846700 -55.112410 -207.409760 -54.164322
-205.046500 -55.376850 -206.661209 -54.416534
-204.238300 -55.572130 -205.837769 -54.616695
-203.340400 -55.720010 -204.980194 -54.770130
-202.343700 -55.812630 -203.983215 -54.881111
-201.230000 -55.831900 -202.881012 -54.890018
-199.966900 -55.727910 -201.614975 -54.803047
-198.511800 -55.515700 -200.173752 -54.609901
-196.896300 -55.177990 -198.551987 -54.288887
-195.101200 -54.675310 -196.750916 -53.799503
-193.144500 -53.980020 -194.795532 -53.119110
-191.089500 -53.059560 -192.745956 -52.208565
-188.959500 -51.870660 -190.595459 -51.028522
-186.748300 -50.457590 -188.356232 -49.624027
-184.446800 -48.882240 -185.997513 -48.052788
-181.997000 -47.211720 -183.552338 -46.413986
-179.497700 -45.532110 -180.998657 -44.727497
-176.845100 -43.764640 -178.310822 -42.971260
-174.079200 -41.951340 -175.507782 -41.169415
-171.182700 -40.094050 -172.565292 -39.302155
-168.181500 -38.252180 -169.595474 -37.501575
-165.080700 -36.437440 -166.441055 -35.675156
-161.936900 -34.664440 -163.282059 -33.908222
-158.730900 -32.961050 -160.029846 -32.207222
-155.498500 -31.326070 -156.748352 -30.557987
-152.284900 -29.754520 -153.463104 -28.987717
-149.069300 -28.182760 -150.228333 -27.428127
-145.857700 -26.612150 -146.974792 -25.859421
-142.641000 -25.057000 -143.716110 -24.296436
-139.402500 -23.486330 -140.420105 -22.734077
-136.173000 -21.934650 -137.144135 -21.178864
-132.945300 -20.377060 -133.886505 -19.637447
-129.754900 -18.849320 -130.674957 -18.121910
-126.594800 -17.311780 -127.511017 -16.596909
-123.481600 -15.777190 -124.376099 -15.065559
-120.382000 -14.275260 -121.247375 -13.551388
-117.290900 -12.878730 -118.129837 -12.162489
-114.140500 -11.587510 -114.938232 -10.888395
-110.985900 -10.399830 -111.726707 -9.682343
-107.823700 -9.243398 -108.560852 -8.550684
-104.639900 -8.124757 -105.370117 -7.440712
-101.445300 -7.020636 -102.153305 -6.327406
-98.266820 -5.927679 -98.946426 -5.248024
-95.057020 -4.924307 -95.725471 -4.261133
-91.816180 -3.988153 -92.456947 -3.343594
-88.560330 -3.139167 -89.161461 -2.493885
-85.275670 -2.357662 -85.840279 -1.726677
-81.984180 -1.642797 -82.473854 -0.973327
-78.695610 -0.956720 -79.169670 -0.310338
-75.422800 -0.300680 -75.926674 0.315915
-72.166360 0.319994 -72.648346 0.916259
-68.928530 0.923302 -69.413338 1.498944
-65.700550 1.500442 -66.184151 2.057700
-62.489590 2.047975 -62.959808 2.593431
-59.295260 2.577472 -59.746784 3.101552
-56.128970 3.091711 -56.526951 3.618193
-52.988540 3.575444 -53.364632 4.095141
-49.868360 4.040344 -50.231407 4.551996
-46.776300 4.464286 -47.120190 4.964158
-43.712180 4.856902 -44.069675 5.353676
-40.666360 5.223322 -41.014011 5.710893
-37.689290 5.564962 -38.036446 6.051751
-34.786240 5.888495 -35.103172 6.382781
-31.996720 6.190015 -32.280842 6.660243
-29.296910 6.465571 -29.566448 6.931643
-26.720990 6.720779 -26.971825 7.173378
-24.320240 6.954131 -24.526112 7.404375
-22.089310 7.159574 -22.262447 7.601500
-20.016680 7.362635 -20.162222 7.801716
-18.106820 7.551445 -18.260689 7.986248
-16.337750 7.702083 -16.448553 8.145041
-14.726050 7.819683 -14.822116 8.271951
-13.313500 7.930153 -13.399305 8.380822
-12.128270 8.022018 -12.186154 8.466806
-11.139240 8.100664 -11.186201 8.543374
-10.287410 8.195045 -10.330462 8.648812
-9.518219 8.309922 -9.554923 8.764491
-8.789252 8.478175 -8.823721 8.931374
-8.149181 8.669320 -8.183802 9.135181
-7.829442 8.769976 -7.869834 9.211352
-7.799252 8.787461 -7.839409 9.224136
-7.813018 8.786625 -7.853341 9.219772
-7.809395 8.788143 -7.847645 9.219915
-7.809451 8.779000 -7.847097 9.219379
-7.809131 8.771007 -7.850983 9.219415
-7.804822 8.762953 -7.851646 9.220153
-7.800766 8.755551 -7.850247 9.221374
-7.795082 8.750163 -7.854297 9.221522
-7.789514 8.745234 -7.855022 9.222322
-7.784930 8.740517 -7.851708 9.224532
-7.780166 8.734843 -7.852215 9.217435
-7.775784 8.730871 -7.850136 9.218786
-7.771600 8.726560 -7.853828 9.221313
-7.768634 8.723581 -7.849913 9.219473
-7.766879 8.721761 -7.853270 9.218804
-7.765762 8.717584 -7.848738 9.218256
-7.763983 8.714586 -7.852655 9.219831
-7.763294 8.713489 -7.852973 9.218537
-7.762963 8.712553 -7.854549 9.221731
-7.763086 8.713488 -7.850114 9.221168
-7.762455 8.714167 -7.848843 9.219403
-7.753295 8.722145 -7.846820 9.229922
-7.717107 8.742340 -7.810091 9.246813
-7.658875 8.770779 -7.738303 9.257427
-7.513039 8.836058 -7.585377 9.311224
-7.175297 8.982757 -7.241898 9.447613
-6.640897 9.236569 -6.711173 9.690796
-5.930743 9.644152 -6.088892 10.036341
-5.120740 10.257790 -5.272932 10.627502
-4.260731 11.080700 -4.391263 11.430094
-3.414512 12.135620 -3.569287 12.458689
-2.599066 13.467900 -2.762283 13.757917
-1.884998 15.083310 -2.044342 15.354365
-1.260100 16.974890 -1.386487 17.246866
-0.766019 19.117060 -0.858436 19.381727
-0.469374 21.489410 -0.567999 21.753391
-0.353107 24.066230 -0.448567 24.300751
-0.356192 26.850340 -0.451635 27.105762
-0.405744 29.836580 -0.509916 30.079866
-0.459357 33.017600 -0.547804 33.314411
-0.512628 36.392400 -0.606184 36.709255
-0.584304 39.835620 -0.686055 40.226402
-0.669138 43.283040 -0.775237 43.688492
-0.775721 46.706780 -0.872852 47.150269
-0.884520 50.132480 -1.011048 50.672882
-0.993630 53.521590 -1.126504 54.110428
-1.089707 56.883700 -1.231666 57.506363
-1.185006 60.248880 -1.339286 60.906536
-1.270319 63.565850 -1.436008 64.243759
-1.374798 66.868940 -1.554574 67.585670
-1.472152 70.155470 -1.653447 70.897377
-1.562229 73.416080 -1.753430 74.163338
-1.660434 76.636610 -1.865137 77.403748
-1.775229 79.852040 -1.987817 80.629532
-1.895797 83.032260 -2.102845 83.850044
-2.017852 86.185380 -2.223726 87.038940
-2.146481 89.329260 -2.344321 90.208328
-2.263400 92.442530 -2.466540 93.338692
-2.372203 95.538220 -2.578763 96.462074
-2.465941 98.605540 -2.658753 99.559471
-2.540211 101.651500 -2.754601 102.636513
-2.582148 104.696700 -2.778958 105.701378
-2.595436 107.674300 -2.799672 108.682716
-2.621977 110.691900 -2.832864 111.689980
-2.648827 113.786700 -2.874945 114.769257
-2.681214 116.967200 -2.922749 117.897018
-2.721440 120.204500 -2.964246 121.096169
-2.774777 123.506700 -3.011984 124.407600
-2.842109 126.902400 -3.065348 127.797577
-2.924595 130.351000 -3.160978 131.215897
-3.024507 133.819600 -3.249679 134.695404
-3.138966 137.262500 -3.364646 138.110779
-3.265946 140.693500 -3.478365 141.545502
-3.389718 144.095500 -3.612602 144.921555
-3.526115 147.467500 -3.727785 148.335693
-3.671472 150.775300 -3.875194 151.655243
-3.794318 154.003900 -3.992695 154.919724
-3.904131 157.172200 -4.103417 158.091202
-3.996788 160.276500 -4.193772 161.225098
-4.071651 163.334000 -4.270740 164.349304
-4.122556 166.368900 -4.342339 167.412140
-4.194278 169.380900 -4.438628 170.425446
-4.264263 172.440400 -4.495204 173.543823
-4.319751 175.547300 -4.577318 176.620865
-4.393173 178.705600 -4.636279 179.817108
-4.501446 181.892900 -4.753224 183.014633
-4.607667 185.156000 -4.817092 186.255737
-4.701222 188.477800 -4.939014 189.674393
-4.806531 191.849500 -5.051406 193.091904
-4.887285 195.207400 -5.131147 196.519394
-4.976513 198.565600 -5.228597 199.927109
-5.057617 201.890800 -5.313018 203.270706
-5.132018 205.179500 -5.402313 206.561035
-5.210165 208.394000 -5.477091 209.777618
-5.281372 211.451500 -5.535811 212.834503
-5.354878 214.365600 -5.594249 215.767288
-5.416052 217.205700 -5.633544 218.602631
-5.469074 220.014000 -5.671301 221.414246
-5.505322 222.798100 -5.688484 224.224716
-5.545023 225.571400 -5.705999 227.026886
-5.563610 228.337300 -5.673894 229.843842
-5.598680 231.130300 -5.710789 232.622589
-5.715519 233.992700 -5.827873 235.483521
-5.886862 236.912900 -5.983217 238.401245
-6.076718 239.911700 -6.175102 241.428787
-6.214931 243.011500 -6.300155 244.523743
-6.364206 246.210000 -6.436181 247.749435
-6.521044 249.542600 -6.560376 251.077484
-6.657659 252.972000 -6.686861 254.530258
-6.794881 256.491900 -6.829334 258.041840
-6.924264 260.026600 -6.954805 261.585999
-7.052122 263.522600 -7.087092 265.091003
-7.164917 266.998200 -7.200694 268.531921
-7.284815 270.457200 -7.315093 271.953918
-7.417194 273.852800 -7.438103 275.313446
-7.523524 277.174400 -7.543326 278.620422
-7.651625 280.358300 -7.660179 281.810394
-7.782923 283.414900 -7.785565 284.893524
-7.918403 286.315200 -7.922863 287.796692
-8.055697 289.119300 -8.060501 290.651001
-8.185460 291.911300 -8.187592 293.493347
-8.314789 294.668400 -8.317266 296.283325
-8.425515 297.433700 -8.427571 299.105591
-8.486769 300.239900 -8.490986 301.941223
-8.528132 303.087600 -8.529076 304.811768
-8.538802 306.012500 -8.541416 307.740906
-8.512542 309.030900 -8.515600 310.761688
-8.446156 312.111900 -8.447193 313.842163
-8.351900 315.297900 -8.360917 317.020966
-8.211642 318.520500 -8.219498 320.273193
-8.031870 321.816300 -8.023321 323.592102
-7.798255 325.179400 -7.770767 326.972229
-7.513710 328.583000 -7.505754 330.372009
-7.227060 332.070400 -7.222923 333.887421
-6.930360 335.644600 -6.920921 337.480377
-6.634241 339.252200 -6.625517 341.075867
-6.353320 342.849100 -6.331758 344.672699
-6.099343 346.409700 -6.070803 348.231079
-5.858059 349.945000 -5.816860 351.796417
-5.647279 353.444000 -5.587494 355.321228
-5.439992 356.885000 -5.360188 358.758514
-5.251048 360.315600 -5.174353 362.199371
-5.098453 363.671600 -5.017838 365.563934
-4.951017 366.989800 -4.860888 368.882507
-4.804541 370.256900 -4.694109 372.158051
