0 0.000146 0.008655 100.000000 11.627907
0 0.000083 0.009475 200.000000 12.048193
0 0.000043 0.010595 300.000000 10.273973
0 0.000038 0.007475 400.000000 10.282776
0 0.000029 0.004358 500.000000 10.330579
0 0.000022 0.002459 600.000000 10.771993
0 0.000022 0.001532 700.000000 11.128776
0 0.000016 0.000921 800.000000 10.796222
10 0.000045 0.005745 100.000000 11.627907
10 0.000033 0.003968 200.000000 12.048193
10 0.000035 0.003291 300.000000 9.771987
10 0.000017 0.002311 400.000000 10.335917
10 0.000016 0.002328 500.000000 10.309278
10 0.000012 0.002303 600.000000 10.791367
10 0.000013 0.002787 700.000000 11.146497
10 0.000006 0.001502 800.000000 10.796222
20 0.000068 0.004509 100.000000 11.764706
20 0.000040 0.003412 200.000000 11.904762
20 0.000018 0.004099 300.000000 9.615385
20 0.000017 0.003023 400.000000 10.362695
20 0.000020 0.002826 500.000000 10.330579
20 0.000011 0.002396 600.000000 10.830325
20 0.000010 0.002597 700.000000 11.164274
20 0.000003 0.001146 800.000000 10.810811
30 0.000064 0.004011 100.000000 11.764706
30 0.000044 0.003781 200.000000 11.494253
30 0.000019 0.004020 300.000000 9.615385
30 0.000018 0.003004 400.000000 10.416667
30 0.000021 0.002618 500.000000 10.373444
30 0.000012 0.002568 600.000000 10.849910
30 0.000011 0.002731 700.000000 11.164274
30 0.000002 0.001095 800.000000 10.825439
40 0.000068 0.002968 100.000000 11.904762
40 0.000041 0.003296 200.000000 11.049724
40 0.000014 0.003520 300.000000 9.615385
40 0.000017 0.002984 400.000000 10.443864
40 0.000006 0.002758 500.000000 10.416667
40 0.000010 0.002829 600.000000 10.889292
40 0.000012 0.002928 700.000000 11.164274
40 0.000001 0.001057 800.000000 10.854816
50 0.000048 0.004021 100.000000 11.904762
50 0.000030 0.004045 200.000000 10.752688
50 0.000019 0.003217 300.000000 9.646302
50 0.000021 0.002815 400.000000 10.416667
50 0.000017 0.002596 500.000000 10.438414
50 0.000013 0.003249 600.000000 10.909091
50 0.000016 0.003508 700.000000 11.093502
50 0.000003 0.001277 800.000000 10.884354
60 0.000040 0.004995 100.000000 12.048193
60 0.000030 0.005071 200.000000 10.526316
60 0.000025 0.003393 300.000000 9.708738
60 0.000022 0.002849 400.000000 10.282776
60 0.000016 0.002975 500.000000 10.482181
60 0.000015 0.003536 600.000000 10.948905
60 0.000021 0.003288 700.000000 10.869565
60 0.000003 0.001322 800.000000 10.914052
70 0.000023 0.006156 100.000000 12.048193
70 0.000021 0.006153 200.000000 10.309278
70 0.000028 0.003008 300.000000 9.740260
70 0.000022 0.002847 400.000000 10.126582
70 0.000018 0.003520 500.000000 10.526316
70 0.000019 0.004307 600.000000 10.968922
70 0.000017 0.003592 700.000000 10.719755
70 0.000006 0.001572 800.000000 10.943913
80 0.000023 0.006689 100.000000 12.195122
80 0.000016 0.006225 200.000000 9.900990
80 0.000032 0.003247 300.000000 9.803922
80 0.000024 0.003204 400.000000 10.025063
80 0.000020 0.003885 500.000000 10.570825
80 0.000020 0.004666 600.000000 11.009174
80 0.000012 0.003552 700.000000 10.654490
80 0.000006 0.001584 800.000000 10.973937
90 0.000026 0.006895 100.000000 12.195122
90 0.000078 0.005371 200.000000 9.174312
90 0.000031 0.003146 300.000000 9.868421
90 0.000023 0.003691 400.000000 10.000000
90 0.000020 0.004252 500.000000 10.593221
90 0.000021 0.005002 600.000000 11.029411
90 0.000014 0.003447 700.000000 10.654490
90 0.000006 0.001530 800.000000 11.004127
100 0.000020 0.006439 100.000000 12.048193
100 0.000056 0.004546 200.000000 8.810573
100 0.000035 0.003297 300.000000 9.933775
100 0.000022 0.004145 400.000000 10.000000
100 0.000022 0.004552 500.000000 10.615711
100 0.000019 0.005303 600.000000 11.049724
100 0.000013 0.003306 700.000000 10.654490
100 0.000007 0.001465 800.000000 11.019283
110 0.000036 0.006687 100.000000 11.363636
110 0.000043 0.003874 200.000000 8.733624
110 0.000032 0.003479 300.000000 9.966778
110 0.000025 0.004600 400.000000 10.025063
110 0.000020 0.005046 500.000000 10.638298
110 0.000019 0.005765 600.000000 11.049724
110 0.000012 0.003332 700.000000 10.670732
110 0.000005 0.001454 800.000000 11.034483
120 0.000019 0.007549 100.000000 10.416667
120 0.000045 0.003496 200.000000 8.733624
120 0.000036 0.003822 300.000000 10.000000
120 0.000027 0.004871 400.000000 10.050251
120 0.000023 0.005841 500.000000 10.660981
120 0.000023 0.006546 600.000000 11.029411
120 0.000011 0.003622 700.000000 10.703364
120 0.000007 0.001605 800.000000 11.049724
130 0.000019 0.006938 100.000000 9.803922
130 0.000041 0.003299 200.000000 8.771930
130 0.000033 0.004341 300.000000 9.966778
130 0.000027 0.005184 400.000000 10.075566
130 0.000023 0.006079 500.000000 10.683761
130 0.000023 0.006659 600.000000 10.968922
130 0.000010 0.003296 700.000000 10.719755
130 0.000007 0.001368 800.000000 11.049724
140 0.000025 0.006961 100.000000 9.345795
140 0.000050 0.003508 200.000000 8.771930
140 0.000035 0.004815 300.000000 9.803922
140 0.000025 0.005641 400.000000 10.126582
140 0.000024 0.006417 500.000000 10.706638
140 0.000031 0.006284 600.000000 10.733453
140 0.000009 0.003122 700.000000 10.752688
140 0.000006 0.001262 800.000000 11.065007
150 0.000041 0.007307 100.000000 8.928572
150 0.000050 0.004095 200.000000 8.810573
150 0.000035 0.005494 300.000000 9.584664
150 0.000026 0.006163 400.000000 10.152285
150 0.000025 0.006954 500.000000 10.729613
150 0.000024 0.005963 600.000000 10.507881
150 0.000010 0.003045 700.000000 10.769231
150 0.000005 0.001180 800.000000 11.065007
160 0.000049 0.007459 100.000000 8.264462
160 0.000058 0.004877 200.000000 8.849558
160 0.000039 0.006467 300.000000 9.404388
160 0.000031 0.007176 400.000000 10.178117
160 0.000028 0.007952 500.000000 10.752688
160 0.000019 0.006422 600.000000 10.416667
160 0.000011 0.003362 700.000000 10.802469
160 0.000007 0.001386 800.000000 11.065007
170 0.000167 0.005110 100.000000 7.299270
170 0.000058 0.005770 200.000000 8.928572
170 0.000038 0.007660 300.000000 9.375000
170 0.000031 0.008165 400.000000 10.204082
170 0.000029 0.008904 500.000000 10.775862
170 0.000019 0.006637 600.000000 10.398614
170 0.000010 0.003465 700.000000 10.819165
170 0.000006 0.001524 800.000000 11.080333
180 0.000143 0.004053 100.000000 6.896552
180 0.000059 0.006297 200.000000 9.049774
180 0.000035 0.007872 300.000000 9.404388
180 0.000032 0.007981 400.000000 10.256411
180 0.000027 0.008614 500.000000 10.822511
180 0.000018 0.005856 600.000000 10.416667
180 0.000010 0.003040 700.000000 10.852714
180 0.000004 0.001409 800.000000 11.080333
190 0.000112 0.004532 100.000000 6.896552
190 0.000061 0.007123 200.000000 9.174312
190 0.000038 0.008568 300.000000 9.493670
190 0.000032 0.008612 400.000000 10.362695
190 0.000028 0.009210 500.000000 10.893247
190 0.000018 0.005998 600.000000 10.471204
190 0.000010 0.003205 700.000000 10.920437
190 0.000003 0.001507 800.000000 11.095700
200 0.000110 0.004580 100.000000 7.092198
200 0.000061 0.007913 200.000000 9.389671
200 0.000037 0.009053 300.000000 9.646302
200 0.000032 0.009238 400.000000 10.471204
200 0.000029 0.009687 500.000000 10.989011
200 0.000018 0.006053 600.000000 10.563380
200 0.000009 0.003203 700.000000 10.989011
200 0.000004 0.001537 800.000000 11.142061
210 0.000096 0.005859 100.000000 7.299270
210 0.000061 0.008596 200.000000 9.615385
210 0.000037 0.009075 300.000000 9.803922
210 0.000033 0.009413 400.000000 10.610080
210 0.000029 0.009743 500.000000 11.086474
210 0.000016 0.005897 600.000000 10.676157
210 0.000010 0.003100 700.000000 11.075950
210 0.000004 0.001514 800.000000 11.204482
220 0.000090 0.006900 100.000000 7.575758
220 0.000057 0.008909 200.000000 9.803922
220 0.000028 0.009520 300.000000 9.966778
220 0.000032 0.009426 400.000000 10.752688
220 0.000028 0.009653 500.000000 11.160714
220 0.000015 0.005513 600.000000 10.771993
220 0.000010 0.002852 700.000000 11.164274
220 0.000003 0.001411 800.000000 11.267606
230 0.000093 0.007903 100.000000 7.812500
230 0.000054 0.009610 200.000000 10.000000
230 0.000040 0.009798 300.000000 10.135135
230 0.000032 0.009883 400.000000 10.899182
230 0.000030 0.010090 500.000000 11.210762
230 0.000014 0.005495 600.000000 10.869565
230 0.000010 0.002768 700.000000 11.235955
230 0.000002 0.001385 800.000000 11.315417
240 0.000097 0.008736 100.000000 8.064516
240 0.000056 0.009670 200.000000 10.050251
240 0.000038 0.009212 300.000000 10.273973
240 0.000033 0.009576 400.000000 11.019283
240 0.000034 0.009407 500.000000 11.135858
240 0.000012 0.004901 600.000000 10.948905
240 0.000009 0.002457 700.000000 11.308562
240 0.000004 0.001238 800.000000 11.363636
250 0.000111 0.010083 100.000000 8.333333
250 0.000058 0.010297 200.000000 10.000000
250 0.000039 0.009698 300.000000 10.416667
250 0.000032 0.009837 400.000000 11.142061
250 0.000037 0.008759 500.000000 10.964912
250 0.000013 0.004761 600.000000 11.029411
250 0.000010 0.002399 700.000000 11.363636
250 0.000004 0.001225 800.000000 11.428572
260 0.000113 0.011186 100.000000 8.620689
260 0.000058 0.010779 200.000000 9.852217
260 0.000038 0.009759 300.000000 10.563380
260 0.000034 0.009766 400.000000 11.267606
260 0.000029 0.008088 500.000000 10.845987
260 0.000014 0.004527 600.000000 11.131725
260 0.000010 0.002286 700.000000 11.437908
260 0.000005 0.001207 800.000000 11.494253
270 0.000118 0.012432 100.000000 8.928572
270 0.000060 0.011442 200.000000 9.900990
270 0.000038 0.010288 300.000000 10.752688
270 0.000037 0.010227 400.000000 11.396011
270 0.000021 0.008311 500.000000 10.869565
270 0.000014 0.004613 600.000000 11.235955
270 0.000009 0.002338 700.000000 11.513158
270 0.000005 0.001225 800.000000 11.577424
280 0.000099 0.010271 100.000000 9.433962
280 0.000048 0.009187 200.000000 10.050251
280 0.000033 0.007901 300.000000 10.989011
280 0.000030 0.007668 400.000000 11.594203
280 0.000016 0.006123 500.000000 10.964912
280 0.000008 0.003355 600.000000 11.342155
280 0.000008 0.001864 700.000000 11.608624
280 0.000006 0.001019 800.000000 11.678832
290 0.000077 0.007177 100.000000 10.101010
290 0.000043 0.006761 200.000000 10.309278
290 0.000022 0.005398 300.000000 11.235955
290 0.000022 0.005167 400.000000 11.834319
290 0.000008 0.004216 500.000000 11.086474
290 0.000004 0.002475 600.000000 11.494253
290 0.000007 0.001646 700.000000 11.725293
290 0.000008 0.000971 800.000000 11.782032
300 0.000050 0.004581 100.000000 10.869565
300 0.000033 0.004417 200.000000 10.638298
300 0.000012 0.002997 300.000000 11.538462
300 0.000011 0.002491 400.000000 12.048193
300 0.000006 0.002886 500.000000 11.235955
300 0.000009 0.002278 600.000000 11.650485
300 0.000012 0.002013 700.000000 11.864407
300 0.000014 0.001273 800.000000 11.904762
310 0.000094 0.006269 100.000000 11.764706
310 0.000052 0.007564 200.000000 10.989011
310 0.000024 0.007331 300.000000 11.857708
310 0.000017 0.007148 400.000000 12.307693
310 0.000017 0.007759 500.000000 11.389522
310 0.000019 0.005726 600.000000 11.811024
310 0.000021 0.004123 700.000000 11.986301
310 0.000021 0.002311 800.000000 12.030075
320 0.000075 0.004519 100.000000 12.500000
320 0.000046 0.005744 200.000000 11.299435
320 0.000016 0.005088 300.000000 12.096774
320 0.000014 0.004501 400.000000 12.500000
320 0.000011 0.005387 500.000000 11.520738
320 0.000015 0.004163 600.000000 11.928430
320 0.000020 0.003218 700.000000 12.068966
320 0.000018 0.001771 800.000000 12.121212
330 0.000017 0.005898 100.000000 13.157895
330 0.000028 0.006184 200.000000 11.494253
330 0.000006 0.004477 300.000000 12.295082
330 0.000003 0.003920 400.000000 12.618297
330 0.000011 0.002941 500.000000 11.627907
330 0.000009 0.002214 600.000000 12.024048
330 0.000013 0.002095 700.000000 12.110726
330 0.000013 0.001213 800.000000 12.195122
340 0.000024 0.005483 100.000000 13.698630
340 0.000016 0.005101 200.000000 11.695907
340 0.000007 0.004251 300.000000 12.396694
340 0.000010 0.003672 400.000000 12.658228
340 0.000010 0.002350 500.000000 11.682243
340 0.000009 0.001960 600.000000 12.072434
340 0.000012 0.001858 700.000000 12.110726
340 0.000012 0.001093 800.000000 12.232416
350 0.000029 0.006177 100.000000 13.698630
350 0.000016 0.004428 200.000000 11.764706
350 0.000016 0.005000 300.000000 12.448133
350 0.000014 0.004476 400.000000 12.618297
350 0.000011 0.001743 500.000000 11.709601
350 0.000008 0.001137 600.000000 12.072434
350 0.000010 0.001389 700.000000 12.068966
350 0.000011 0.000955 800.000000 12.232416
360 0.000030 0.005267 100.000000 13.333333
360 0.000022 0.003632 200.000000 11.834319
360 0.000011 0.004337 300.000000 12.448133
360 0.000019 0.003835 400.000000 12.383901
360 0.000010 0.001734 500.000000 11.737089
360 0.000009 0.001590 600.000000 12.072434
360 0.000013 0.001515 700.000000 12.048193
360 0.000013 0.001130 800.000000 12.213740
370 0.000027 0.005142 100.000000 12.048193
370 0.000007 0.003170 200.000000 11.834319
370 0.000009 0.003330 300.000000 12.500000
370 0.000038 0.002223 400.000000 11.799410
370 0.000010 0.002194 500.000000 11.764706
370 0.000010 0.002129 600.000000 12.072434
370 0.000014 0.001711 700.000000 12.048193
370 0.000013 0.001188 800.000000 12.066365
380 0.000022 0.006748 100.000000 10.869565
380 0.000012 0.004499 200.000000 11.834319
380 0.000010 0.004691 300.000000 12.448133
380 0.000016 0.004009 400.000000 11.428572
380 0.000013 0.002531 500.000000 11.792453
380 0.000014 0.002299 600.000000 12.048193
380 0.000015 0.001679 700.000000 12.048193
380 0.000014 0.001218 800.000000 11.922503
390 0.000021 0.007037 100.000000 10.309278
390 0.000014 0.004825 200.000000 11.834319
390 0.000011 0.004920 300.000000 12.448133
390 0.000017 0.003760 400.000000 11.299435
390 0.000014 0.002389 500.000000 11.792453
390 0.000014 0.002196 600.000000 12.000000
390 0.000015 0.001615 700.000000 12.048193
390 0.000013 0.001317 800.000000 11.816839
400 0.000020 0.007522 100.000000 10.101010
400 0.000015 0.005419 200.000000 11.764706
400 0.000009 0.005206 300.000000 12.396694
400 0.000018 0.003574 400.000000 11.235955
400 0.000014 0.002456 500.000000 11.764706
400 0.000016 0.002292 600.000000 11.952191
400 0.000016 0.001579 700.000000 12.027492
400 0.000014 0.001357 800.000000 11.713031
410 0.000032 0.006866 100.000000 10.000000
410 0.000015 0.005843 200.000000 11.764706
410 0.000009 0.005492 300.000000 12.295082
410 0.000019 0.003323 400.000000 11.235955
410 0.000015 0.002446 500.000000 11.764706
410 0.000016 0.002199 600.000000 11.857708
410 0.000016 0.001584 700.000000 12.027492
410 0.000014 0.001474 800.000000 11.577424
420 0.000061 0.003695 100.000000 10.101010
420 0.000018 0.006007 200.000000 11.764706
420 0.000013 0.005390 300.000000 12.244898
420 0.000019 0.002925 400.000000 11.267606
420 0.000014 0.002290 500.000000 11.764706
420 0.000016 0.002113 600.000000 11.811024
420 0.000016 0.001722 700.000000 12.027492
430 0.000039 0.004428 100.000000 10.309278
430 0.000018 0.005944 200.000000 11.904762
430 0.000018 0.005532 300.000000 12.096774
430 0.000019 0.002636 400.000000 11.331445
430 0.000014 0.002338 500.000000 11.792453
430 0.000016 0.002098 600.000000 11.811024
430 0.000017 0.001916 700.000000 12.027492
440 0.000041 0.003720 100.000000 10.752688
440 0.000017 0.005437 200.000000 12.195122
440 0.000034 0.004776 300.000000 11.904762
440 0.000018 0.002488 400.000000 11.461318
440 0.000014 0.002469 500.000000 11.876485
440 0.000016 0.002148 600.000000 11.881188
440 0.000017 0.002033 700.000000 12.027492
450 0.000040 0.003970 100.000000 11.363636
450 0.000018 0.005152 200.000000 12.500000
450 0.000053 0.004190 300.000000 11.627907
450 0.000017 0.002501 400.000000 11.627907
450 0.000015 0.002539 500.000000 12.019231
450 0.000017 0.002156 600.000000 11.976048
450 0.000017 0.002094 700.000000 12.048193
460 0.000026 0.003987 100.000000 12.048193
460 0.000022 0.004826 200.000000 12.903226
460 0.000039 0.003258 300.000000 11.583012
460 0.000017 0.002173 400.000000 11.799410
460 0.000015 0.002577 500.000000 12.135922
460 0.000017 0.002203 600.000000 12.096774
460 0.000014 0.002166 700.000000 12.048193
470 0.000032 0.003903 100.000000 12.820513
470 0.000019 0.004523 200.000000 13.333333
470 0.000025 0.003716 300.000000 11.583012
470 0.000018 0.002797 400.000000 11.976048
470 0.000018 0.002793 500.000000 12.254902
470 0.000017 0.002148 600.000000 12.219959
470 0.000015 0.002006 700.000000 12.068966
480 0.000038 0.004490 100.000000 13.333333
480 0.000018 0.005094 200.000000 13.605442
480 0.000026 0.003888 300.000000 11.583012
480 0.000020 0.002945 400.000000 12.121212
480 0.000018 0.002754 500.000000 12.345679
480 0.000018 0.002258 600.000000 12.320329
480 0.000016 0.002256 700.000000 12.048193
490 0.000053 0.005188 100.000000 13.698630
490 0.000025 0.005895 200.000000 13.793103
490 0.000031 0.003679 300.000000 11.627907
490 0.000020 0.002922 400.000000 12.195122
490 0.000018 0.002783 500.000000 12.376238
490 0.000018 0.002532 600.000000 12.371134
490 0.000015 0.002652 700.000000 12.006861
500 0.000053 0.005891 100.000000 13.888889
500 0.000021 0.006084 200.000000 13.793103
500 0.000036 0.004070 300.000000 11.627907
500 0.000023 0.003274 400.000000 12.232416
500 0.000022 0.002891 500.000000 12.345679
500 0.000020 0.002541 600.000000 12.396694
500 0.000017 0.002754 700.000000 11.925042
510 0.000047 0.004202 100.000000 13.888889
510 0.000028 0.004079 200.000000 13.698630
510 0.000027 0.002748 300.000000 11.627907
510 0.000017 0.003169 400.000000 12.232416
510 0.000018 0.002931 500.000000 12.254902
510 0.000017 0.002455 600.000000 12.396694
520 0.000048 0.007443 100.000000 13.888889
520 0.000029 0.004610 200.000000 13.422819
520 0.000018 0.002823 300.000000 11.627907
520 0.000013 0.003444 400.000000 12.195122
520 0.000014 0.003344 500.000000 12.165450
520 0.000015 0.002782 600.000000 12.371134
530 0.000061 0.003104 100.000000 13.698630
530 0.000030 0.001613 200.000000 12.658228
530 0.000024 0.003909 300.000000 11.627907
530 0.000022 0.003290 400.000000 12.158054
530 0.000023 0.001983 500.000000 12.106538
530 0.000023 0.001257 600.000000 12.269938
540 0.000027 0.003983 100.000000 13.698630
540 0.000042 0.003442 200.000000 11.363636
540 0.000018 0.003711 300.000000 11.673152
540 0.000018 0.003515 400.000000 12.121212
540 0.000022 0.002480 500.000000 12.077294
540 0.000018 0.002056 600.000000 12.048193
550 0.000024 0.003643 100.000000 13.698630
550 0.000034 0.004095 200.000000 10.869565
550 0.000020 0.003939 300.000000 11.673152
550 0.000020 0.003592 400.000000 12.084592
550 0.000020 0.002679 500.000000 12.077294
550 0.000017 0.002413 600.000000 11.881188
560 0.000025 0.003337 100.000000 13.698630
560 0.000030 0.004191 200.000000 10.695188
560 0.000022 0.004386 300.000000 11.673152
560 0.000020 0.003563 400.000000 12.048193
560 0.000021 0.002712 500.000000 12.106538
560 0.000017 0.002506 600.000000 11.741683
570 0.000015 0.002728 100.000000 13.513514
570 0.000029 0.004598 200.000000 10.638298
570 0.000024 0.004456 300.000000 11.718750
570 0.000027 0.003253 400.000000 11.976048
570 0.000024 0.002309 500.000000 12.106538
570 0.000021 0.002415 600.000000 11.627907
580 0.000021 0.003024 100.000000 13.333333
580 0.000028 0.004658 200.000000 10.638298
580 0.000024 0.004537 300.000000 11.673152
580 0.000025 0.003440 400.000000 11.869436
580 0.000024 0.002673 500.000000 12.106538
590 0.000023 0.003050 100.000000 12.987013
590 0.000032 0.005040 200.000000 10.695188
590 0.000023 0.005004 300.000000 11.673152
590 0.000028 0.003818 400.000000 11.764706
590 0.000027 0.003327 500.000000 12.077294
600 0.000069 0.002695 100.000000 11.764706
600 0.000031 0.005559 200.000000 10.752688
600 0.000022 0.005386 300.000000 11.627907
600 0.000026 0.003950 400.000000 11.695907
600 0.000028 0.003535 500.000000 11.990408
610 0.000162 0.005770 100.000000 9.803922
610 0.000033 0.006124 200.000000 10.752688
610 0.000025 0.005096 300.000000 11.627907
610 0.000029 0.003562 400.000000 11.695907
610 0.000026 0.003249 500.000000 11.764706
620 0.000072 0.009346 100.000000 8.928572
620 0.000041 0.006514 200.000000 10.810811
620 0.000034 0.005080 300.000000 11.583012
620 0.000033 0.003841 400.000000 11.695907
620 0.000025 0.003891 500.000000 11.547344
630 0.000071 0.009378 100.000000 8.695652
630 0.000040 0.007260 200.000000 10.810811
630 0.000036 0.005289 300.000000 11.538462
630 0.000033 0.004277 400.000000 11.695907
630 0.000026 0.004251 500.000000 11.415525
640 0.000072 0.009639 100.000000 8.695652
640 0.000039 0.008008 200.000000 10.869565
640 0.000036 0.005926 300.000000 11.494253
640 0.000031 0.004718 400.000000 11.730206
640 0.000025 0.004501 500.000000 11.312217
650 0.000078 0.010230 100.000000 8.771930
650 0.000043 0.008216 200.000000 10.928962
650 0.000039 0.006215 300.000000 11.406844
650 0.000032 0.005164 400.000000 11.764706
650 0.000026 0.005084 500.000000 11.185682
660 0.000074 0.010471 100.000000 8.849558
660 0.000042 0.007658 200.000000 10.989011
660 0.000040 0.005347 300.000000 11.363636
660 0.000035 0.004562 400.000000 11.799410
670 0.000076 0.011434 100.000000 9.090909
670 0.000045 0.008451 200.000000 11.111111
670 0.000042 0.006090 300.000000 11.363636
670 0.000038 0.005424 400.000000 11.869436
680 0.000099 0.009714 100.000000 9.523809
680 0.000054 0.006807 200.000000 11.363636
680 0.000051 0.004983 300.000000 11.538462
680 0.000042 0.005318 400.000000 11.940298
690 0.000122 0.006326 100.000000 10.101010
690 0.000068 0.003935 200.000000 11.764706
690 0.000055 0.004098 300.000000 11.764706
690 0.000048 0.005416 400.000000 12.084592
700 0.000129 0.002249 100.000000 10.869565
700 0.000076 0.001878 200.000000 12.195122
700 0.000058 0.004396 300.000000 12.096774
700 0.000045 0.006129 400.000000 12.232416
710 0.000160 0.006178 100.000000 11.627907
710 0.000094 0.008680 200.000000 12.658228
710 0.000072 0.010989 300.000000 12.396694
710 0.000055 0.012432 400.000000 12.345679
720 0.000088 0.003833 100.000000 12.500000
720 0.000058 0.004489 200.000000 13.071896
720 0.000051 0.005620 300.000000 12.658228
720 0.000034 0.006815 400.000000 12.422360
730 0.000029 0.007907 100.000000 13.333333
730 0.000031 0.005769 200.000000 13.422819
730 0.000030 0.004130 300.000000 12.931034
730 0.000019 0.004167 400.000000 12.383901
740 0.000041 0.007023 100.000000 13.888889
740 0.000038 0.004523 200.000000 13.605442
740 0.000034 0.003830 300.000000 13.100436
740 0.000023 0.004331 400.000000 12.345679
750 0.000039 0.007252 100.000000 14.084507
750 0.000044 0.004022 200.000000 13.605442
750 0.000033 0.003551 300.000000 13.215859
750 0.000026 0.004030 400.000000 12.232416
760 0.000041 0.005628 100.000000 14.285714
760 0.000046 0.003429 200.000000 13.422819
760 0.000034 0.002877 300.000000 13.215859
760 0.000028 0.003430 400.000000 12.048193
770 0.000026 0.005999 100.000000 14.084507
770 0.000037 0.003991 200.000000 13.071896
770 0.000031 0.003228 300.000000 13.157895
780 0.000028 0.006631 100.000000 13.888889
780 0.000040 0.004363 200.000000 12.820513
780 0.000035 0.003917 300.000000 13.043478
790 0.000027 0.007124 100.000000 13.698630
790 0.000031 0.004993 200.000000 12.658228
790 0.000028 0.004672 300.000000 12.711864
800 0.000032 0.006508 100.000000 13.333333
800 0.000035 0.004202 200.000000 12.658228
800 0.000020 0.003826 300.000000 12.195122
810 0.000040 0.006013 100.000000 13.157895
810 0.000033 0.004271 200.000000 12.658228
810 0.000022 0.003913 300.000000 11.857708
820 0.000053 0.006384 100.000000 12.820513
820 0.000033 0.004133 200.000000 12.658228
820 0.000022 0.003968 300.000000 11.627907
830 0.000045 0.005870 100.000000 12.345679
830 0.000029 0.004268 200.000000 12.658228
830 0.000023 0.004187 300.000000 11.363636
840 0.000049 0.005105 100.000000 12.048193
840 0.000034 0.003777 200.000000 12.658228
850 0.000057 0.004461 100.000000 11.764706
850 0.000038 0.003613 200.000000 12.578616
860 0.000044 0.004232 100.000000 11.627907
860 0.000040 0.004106 200.000000 12.269938
870 0.000054 0.003449 100.000000 11.764706
870 0.000026 0.003749 200.000000 11.764706
880 0.000036 0.004628 100.000000 11.904762
880 0.000026 0.004790 200.000000 11.363636
890 0.000020 0.005784 100.000000 12.048193
890 0.000021 0.005909 200.000000 11.111111
900 0.000022 0.006938 100.000000 12.345679
900 0.000024 0.007023 200.000000 10.989011
910 0.000014 0.007065 100.000000 12.658228
910 0.000021 0.006970 200.000000 10.810811
920 0.000025 0.006974 100.000000 12.987013
930 0.000030 0.008151 100.000000 13.333333
940 0.000027 0.008628 100.000000 13.157895
950 0.000022 0.008394 100.000000 12.048193
960 0.000025 0.007541 100.000000 10.989011
970 0.000040 0.007728 100.000000 10.204082
980 0.000032 0.008292 100.000000 9.708738
990 0.000040 0.007485 100.000000 9.090909
