0 0.000064 0.005510 100.000000 8.474576
0 0.000024 0.003832 200.000000 9.433962
0 0.000045 0.007218 300.000000 10.416667
0 0.000032 0.007204 400.000000 10.471204
0 0.000035 0.005766 500.000000 10.416667
0 0.000024 0.005363 600.000000 10.416667
0 0.000026 0.005449 700.000000 10.279001
0 0.000029 0.005669 800.000000 10.282776
10 0.000089 0.003339 100.000000 9.009009
10 0.000020 0.006363 200.000000 9.756098
10 0.000042 0.009138 300.000000 10.714286
10 0.000031 0.008311 400.000000 10.666667
10 0.000039 0.006558 500.000000 10.570825
10 0.000032 0.006814 600.000000 10.544815
10 0.000028 0.007414 700.000000 10.370370
10 0.000030 0.007114 800.000000 10.376135
20 0.000088 0.004464 100.000000 9.615385
20 0.000018 0.006458 200.000000 10.000000
20 0.000045 0.009123 300.000000 10.948905
20 0.000035 0.008111 400.000000 10.810811
20 0.000044 0.006330 500.000000 10.706638
20 0.000032 0.006619 600.000000 10.657193
20 0.000031 0.007208 700.000000 10.447762
20 0.000031 0.006837 800.000000 10.471204
30 0.000087 0.005072 100.000000 10.101010
30 0.000019 0.007740 200.000000 10.256411
30 0.000044 0.009887 300.000000 11.194030
30 0.000037 0.008539 400.000000 10.928962
30 0.000043 0.006732 500.000000 10.822511
30 0.000033 0.007198 600.000000 10.752688
30 0.000032 0.007874 700.000000 10.510510
30 0.000032 0.007231 800.000000 10.554090
40 0.000093 0.006584 100.000000 10.638298
40 0.000019 0.008360 200.000000 10.471204
40 0.000045 0.010367 300.000000 11.406844
40 0.000038 0.008508 400.000000 11.019283
40 0.000045 0.006838 500.000000 10.917030
40 0.000035 0.007422 600.000000 10.830325
40 0.000031 0.008105 700.000000 10.542169
40 0.000033 0.007194 800.000000 10.624170
50 0.000094 0.006735 100.000000 10.989011
50 0.000027 0.008620 200.000000 10.638298
50 0.000047 0.010682 300.000000 11.538462
50 0.000038 0.008284 400.000000 11.080333
50 0.000044 0.006750 500.000000 10.989011
50 0.000034 0.007401 600.000000 10.889292
50 0.000030 0.008079 700.000000 10.558069
50 0.000033 0.006917 800.000000 10.680908
60 0.000079 0.007798 100.000000 11.363636
60 0.000042 0.009563 200.000000 10.810811
60 0.000052 0.011007 300.000000 11.627907
60 0.000043 0.008177 400.000000 11.080333
60 0.000048 0.007038 500.000000 11.013216
60 0.000037 0.007454 600.000000 10.909091
60 0.000033 0.008169 700.000000 10.558069
60 0.000038 0.006965 800.000000 10.723861
70 0.000097 0.010210 100.000000 11.494253
70 0.000047 0.011504 200.000000 10.928962
70 0.000053 0.012088 300.000000 11.627907
70 0.000045 0.008559 400.000000 11.080333
70 0.000046 0.007509 500.000000 10.964912
70 0.000038 0.008026 600.000000 10.909091
70 0.000034 0.008791 700.000000 10.558069
70 0.000036 0.007193 800.000000 10.767160
80 0.000083 0.009525 100.000000 11.494253
80 0.000054 0.011521 200.000000 11.049724
80 0.000063 0.011541 300.000000 11.583012
80 0.000045 0.008014 400.000000 11.049724
80 0.000047 0.007179 500.000000 10.940919
80 0.000039 0.007530 600.000000 10.889292
80 0.000037 0.008260 700.000000 10.558069
80 0.000039 0.006901 800.000000 10.796222
90 0.000055 0.007421 100.000000 11.494253
90 0.000060 0.010845 200.000000 11.235955
90 0.000053 0.010740 300.000000 11.538462
90 0.000045 0.007476 400.000000 11.049724
90 0.000045 0.006682 500.000000 10.917030
90 0.000036 0.006804 600.000000 10.849910
90 0.000036 0.007291 700.000000 10.558069
90 0.000037 0.006409 800.000000 10.825439
100 0.000016 0.007530 100.000000 11.235955
100 0.000066 0.010917 200.000000 11.428572
100 0.000054 0.010423 300.000000 11.450381
100 0.000051 0.007453 400.000000 11.019283
100 0.000042 0.006731 500.000000 10.917030
100 0.000034 0.006622 600.000000 10.771993
100 0.000037 0.006920 700.000000 10.558069
100 0.000038 0.006671 800.000000 10.854816
110 0.000053 0.007411 100.000000 10.869565
110 0.000086 0.011018 200.000000 11.560694
110 0.000063 0.010555 300.000000 11.406844
110 0.000053 0.008223 400.000000 11.019283
110 0.000044 0.007187 500.000000 10.917030
110 0.000037 0.006649 600.000000 10.695188
110 0.000040 0.007148 700.000000 10.574018
110 0.000039 0.007679 800.000000 10.854816
120 0.000061 0.007495 100.000000 10.416667
120 0.000085 0.011383 200.000000 11.695907
120 0.000060 0.010293 300.000000 11.278195
120 0.000056 0.007661 400.000000 11.019283
120 0.000041 0.006448 500.000000 10.893247
120 0.000036 0.006516 600.000000 10.600707
120 0.000039 0.006286 700.000000 10.590015
120 0.000041 0.006947 800.000000 10.825439
130 0.000086 0.007755 100.000000 10.204082
130 0.000096 0.011470 200.000000 11.764706
130 0.000055 0.010849 300.000000 11.152416
130 0.000058 0.008323 400.000000 10.958904
130 0.000041 0.006804 500.000000 10.845987
130 0.000037 0.006599 600.000000 10.526316
130 0.000040 0.006662 700.000000 10.590015
130 0.000041 0.007776 800.000000 10.796222
140 0.000133 0.009416 100.000000 10.101010
140 0.000102 0.012700 200.000000 11.695907
140 0.000054 0.011131 300.000000 11.029411
140 0.000058 0.009493 400.000000 10.928962
140 0.000039 0.007617 500.000000 10.822511
140 0.000038 0.007239 600.000000 10.452962
140 0.000041 0.007706 700.000000 10.606061
140 0.000044 0.008979 800.000000 10.767160
150 0.000152 0.010377 100.000000 10.204082
150 0.000100 0.013254 200.000000 11.627907
150 0.000056 0.010678 300.000000 10.909091
150 0.000057 0.008919 400.000000 10.840109
150 0.000040 0.007038 500.000000 10.775862
150 0.000038 0.007107 600.000000 10.398614
150 0.000040 0.007227 700.000000 10.638298
150 0.000043 0.008442 800.000000 10.752688
160 0.000174 0.012286 100.000000 10.309278
160 0.000104 0.013937 200.000000 11.560694
160 0.000056 0.010925 300.000000 10.869565
160 0.000055 0.009021 400.000000 10.781672
160 0.000042 0.007076 500.000000 10.752688
160 0.000037 0.007328 600.000000 10.380623
160 0.000043 0.007554 700.000000 10.670732
160 0.000045 0.008697 800.000000 10.752688
170 0.000165 0.014644 100.000000 10.638298
170 0.000106 0.014496 200.000000 11.494253
170 0.000060 0.010968 300.000000 10.830325
170 0.000050 0.008800 400.000000 10.752688
170 0.000044 0.007009 500.000000 10.729613
170 0.000040 0.007389 600.000000 10.380623
170 0.000043 0.007732 700.000000 10.703364
170 0.000046 0.008824 800.000000 10.767160
180 0.000141 0.015455 100.000000 10.989011
180 0.000082 0.014044 200.000000 11.428572
180 0.000055 0.009604 300.000000 10.869565
180 0.000048 0.007647 400.000000 10.752688
180 0.000037 0.006588 500.000000 10.683761
180 0.000039 0.006989 600.000000 10.398614
180 0.000041 0.007013 700.000000 10.736197
180 0.000044 0.007945 800.000000 10.767160
190 0.000117 0.015182 100.000000 11.494253
190 0.000070 0.012915 200.000000 11.494253
190 0.000059 0.008171 300.000000 10.909091
190 0.000048 0.006971 400.000000 10.810811
190 0.000039 0.006808 500.000000 10.638298
190 0.000040 0.007081 600.000000 10.434783
190 0.000041 0.006706 700.000000 10.785825
190 0.000046 0.007789 800.000000 10.752688
200 0.000111 0.014596 100.000000 12.195122
200 0.000072 0.012075 200.000000 11.560694
200 0.000058 0.007648 300.000000 11.029411
200 0.000047 0.006882 400.000000 10.869565
200 0.000035 0.007127 500.000000 10.638298
200 0.000039 0.007107 600.000000 10.507881
200 0.000039 0.006618 700.000000 10.819165
200 0.000046 0.007845 800.000000 10.723861
210 0.000114 0.014862 100.000000 12.820513
210 0.000062 0.011237 200.000000 11.695907
210 0.000063 0.007302 300.000000 11.111111
210 0.000041 0.007094 400.000000 10.928962
210 0.000037 0.007728 500.000000 10.615711
210 0.000040 0.007227 600.000000 10.563380
210 0.000040 0.006721 700.000000 10.852714
210 0.000045 0.008233 800.000000 10.709505
220 0.000120 0.014711 100.000000 13.333333
220 0.000062 0.010905 200.000000 11.695907
220 0.000067 0.006814 300.000000 11.194030
220 0.000043 0.006853 400.000000 10.989011
220 0.000037 0.007607 500.000000 10.593221
220 0.000037 0.006740 600.000000 10.619469
220 0.000039 0.006495 700.000000 10.852714
220 0.000044 0.008160 800.000000 10.666667
230 0.000107 0.015905 100.000000 13.698630
230 0.000063 0.010830 200.000000 11.560694
230 0.000066 0.007484 300.000000 11.194030
230 0.000046 0.008259 400.000000 10.989011
230 0.000037 0.008993 500.000000 10.548523
230 0.000039 0.007527 600.000000 10.657193
230 0.000040 0.006863 700.000000 10.852714
230 0.000043 0.008453 800.000000 10.582010
240 0.000091 0.018466 100.000000 13.513514
240 0.000061 0.011469 200.000000 11.428572
240 0.000071 0.009062 300.000000 11.152416
240 0.000048 0.010251 400.000000 10.958904
240 0.000036 0.010972 500.000000 10.460251
240 0.000038 0.008672 600.000000 10.676157
240 0.000042 0.007527 700.000000 10.835914
240 0.000041 0.008762 800.000000 10.498688
250 0.000118 0.020750 100.000000 13.157895
250 0.000076 0.012961 200.000000 11.173184
250 0.000070 0.012032 300.000000 10.989011
250 0.000055 0.012717 400.000000 10.869565
250 0.000043 0.013482 500.000000 10.395010
250 0.000042 0.010501 600.000000 10.695188
250 0.000046 0.009738 700.000000 10.819165
250 0.000043 0.010540 800.000000 10.430247
260 0.000109 0.020391 100.000000 12.500000
260 0.000073 0.012704 200.000000 10.928962
260 0.000068 0.012602 300.000000 10.791367
260 0.000052 0.012822 400.000000 10.752688
260 0.000043 0.013427 500.000000 10.309278
260 0.000041 0.010093 600.000000 10.676157
260 0.000044 0.009801 700.000000 10.769231
260 0.000040 0.010056 800.000000 10.376135
270 0.000071 0.018456 100.000000 11.627907
270 0.000070 0.011244 200.000000 10.695188
270 0.000060 0.011508 300.000000 10.600707
270 0.000041 0.011981 400.000000 10.526316
270 0.000038 0.011854 500.000000 10.245902
270 0.000038 0.008684 600.000000 10.657193
270 0.000041 0.008528 700.000000 10.703364
270 0.000037 0.008345 800.000000 10.309278
280 0.000056 0.014756 100.000000 10.869565
280 0.000060 0.009750 200.000000 10.471204
280 0.000048 0.010019 300.000000 10.452962
280 0.000034 0.010477 400.000000 10.282776
280 0.000031 0.009733 500.000000 10.183299
280 0.000029 0.006977 600.000000 10.600707
280 0.000041 0.006771 700.000000 10.542169
280 0.000036 0.006345 800.000000 10.243278
290 0.000064 0.011932 100.000000 10.416667
290 0.000058 0.009233 200.000000 10.309278
290 0.000044 0.010053 300.000000 10.344828
290 0.000028 0.010610 400.000000 10.101010
290 0.000027 0.009124 500.000000 10.162601
290 0.000032 0.006460 600.000000 10.526316
290 0.000042 0.005990 700.000000 10.385756
290 0.000037 0.005124 800.000000 10.191083
300 0.000068 0.011507 100.000000 9.900990
300 0.000063 0.009357 200.000000 10.204082
300 0.000046 0.009743 300.000000 10.273973
300 0.000030 0.009945 400.000000 9.950249
300 0.000027 0.008418 500.000000 10.162601
300 0.000030 0.006437 600.000000 10.471204
300 0.000040 0.006728 700.000000 10.248902
300 0.000035 0.005460 800.000000 10.139417
310 0.000091 0.012527 100.000000 9.708738
310 0.000082 0.010058 200.000000 10.152285
310 0.000052 0.010357 300.000000 10.238908
310 0.000034 0.010670 400.000000 9.876543
310 0.000031 0.008662 500.000000 10.204082
310 0.000034 0.007059 600.000000 10.452962
310 0.000038 0.007574 700.000000 10.159652
310 0.000039 0.006339 800.000000 10.050251
320 0.000092 0.012259 100.000000 9.615385
320 0.000071 0.009399 200.000000 10.101010
320 0.000051 0.009125 300.000000 10.238908
320 0.000036 0.009911 400.000000 9.828010
320 0.000029 0.007716 500.000000 10.245902
320 0.000035 0.006729 600.000000 10.452962
320 0.000032 0.007392 700.000000 10.115607
320 0.000035 0.006435 800.000000 9.962640
330 0.000088 0.011208 100.000000 9.523809
330 0.000063 0.008877 200.000000 10.050251
330 0.000052 0.008437 300.000000 10.238908
330 0.000036 0.009602 400.000000 9.852217
330 0.000032 0.007067 500.000000 10.309278
330 0.000037 0.006538 600.000000 10.489511
330 0.000032 0.007218 700.000000 10.115607
330 0.000031 0.006500 800.000000 9.925558
340 0.000089 0.010011 100.000000 9.615385
340 0.000069 0.007812 200.000000 10.000000
340 0.000048 0.007326 300.000000 10.238908
340 0.000037 0.008689 400.000000 9.852217
340 0.000032 0.005960 500.000000 10.373444
340 0.000035 0.005813 600.000000 10.507881
340 0.000028 0.006354 700.000000 10.115607
340 0.000027 0.006088 800.000000 9.913259
350 0.000075 0.009285 100.000000 9.708738
350 0.000064 0.007338 200.000000 10.050251
350 0.000042 0.007509 300.000000 10.204082
350 0.000035 0.008295 400.000000 9.900990
350 0.000031 0.005377 500.000000 10.438414
350 0.000036 0.005300 600.000000 10.526316
350 0.000032 0.005680 700.000000 10.130246
350 0.000030 0.005908 800.000000 9.925558
360 0.000097 0.008952 100.000000 9.803922
360 0.000060 0.007433 200.000000 10.101010
360 0.000041 0.007786 300.000000 10.135135
360 0.000034 0.008044 400.000000 9.950249
360 0.000031 0.005197 500.000000 10.482181
360 0.000038 0.005131 600.000000 10.507881
360 0.000033 0.005194 700.000000 10.130246
360 0.000030 0.005579 800.000000 9.937888
370 0.000087 0.008138 100.000000 9.900990
370 0.000055 0.006643 200.000000 10.152285
370 0.000037 0.007039 300.000000 10.033444
370 0.000030 0.006952 400.000000 10.000000
370 0.000026 0.004486 500.000000 10.526316
370 0.000040 0.004406 600.000000 10.452962
370 0.000033 0.004530 700.000000 10.130246
370 0.000029 0.005139 800.000000 9.950249
380 0.000084 0.006335 100.000000 10.000000
380 0.000046 0.005763 200.000000 10.204082
380 0.000036 0.006443 300.000000 9.966778
380 0.000030 0.005885 400.000000 10.050251
380 0.000031 0.003849 500.000000 10.526316
380 0.000041 0.004450 600.000000 10.380623
380 0.000034 0.004603 700.000000 10.144928
380 0.000030 0.005390 800.000000 9.962640
390 0.000082 0.005564 100.000000 10.204082
390 0.000042 0.004793 200.000000 10.309278
390 0.000032 0.005676 300.000000 9.933775
390 0.000029 0.004860 400.000000 10.101010
390 0.000030 0.003230 500.000000 10.526316
390 0.000039 0.004026 600.000000 10.344828
390 0.000035 0.004167 700.000000 10.144928
390 0.000030 0.005228 800.000000 9.975062
400 0.000093 0.004639 100.000000 10.309278
400 0.000039 0.004853 200.000000 10.362695
400 0.000029 0.005865 300.000000 9.900990
400 0.000031 0.004388 400.000000 10.204082
400 0.000034 0.002612 500.000000 10.548523
400 0.000044 0.004018 600.000000 10.273973
400 0.000038 0.004547 700.000000 10.144928
400 0.000031 0.005759 800.000000 10.000000
410 0.000080 0.005466 100.000000 10.416667
410 0.000034 0.005615 200.000000 10.471204
410 0.000026 0.006333 300.000000 9.900990
410 0.000029 0.004516 400.000000 10.282776
410 0.000038 0.002555 500.000000 10.570825
410 0.000040 0.003571 600.000000 10.221465
410 0.000039 0.004628 700.000000 10.101010
410 0.000030 0.005736 800.000000 10.025063
420 0.000080 0.003590 100.000000 10.526316
420 0.000034 0.003890 200.000000 10.471204
420 0.000028 0.004976 300.000000 9.868421
420 0.000034 0.003484 400.000000 10.362695
420 0.000036 0.002479 500.000000 10.615711
420 0.000033 0.004256 600.000000 10.186757
420 0.000036 0.005622 700.000000 10.014306
420 0.000025 0.006011 800.000000 10.062893
430 0.000054 0.002827 100.000000 10.416667
430 0.000031 0.004361 200.000000 10.526316
430 0.000023 0.005611 300.000000 9.868421
430 0.000028 0.003663 400.000000 10.443864
430 0.000036 0.002383 500.000000 10.638298
430 0.000034 0.004067 600.000000 10.186757
430 0.000031 0.005566 700.000000 9.971510
430 0.000024 0.005834 800.000000 10.088272
440 0.000061 0.001801 100.000000 10.309278
440 0.000032 0.004144 200.000000 10.526316
440 0.000031 0.005907 300.000000 9.900990
440 0.000031 0.003548 400.000000 10.526316
440 0.000037 0.002732 500.000000 10.683761
440 0.000031 0.004642 600.000000 10.186757
440 0.000029 0.006119 700.000000 9.943182
440 0.000024 0.006241 800.000000 10.126582
450 0.000052 0.003583 100.000000 10.309278
450 0.000024 0.004980 200.000000 10.416667
450 0.000025 0.006266 300.000000 9.933775
450 0.000024 0.004026 400.000000 10.582010
450 0.000034 0.002935 500.000000 10.683761
450 0.000031 0.003982 600.000000 10.186757
450 0.000028 0.005707 700.000000 9.943182
450 0.000024 0.006198 800.000000 10.152285
460 0.000038 0.004012 100.000000 10.309278
460 0.000022 0.005323 200.000000 10.256411
460 0.000027 0.005906 300.000000 9.933775
460 0.000030 0.003976 400.000000 10.638298
460 0.000037 0.003385 500.000000 10.638298
460 0.000033 0.004389 600.000000 10.169492
460 0.000030 0.006196 700.000000 9.943182
460 0.000021 0.006681 800.000000 10.178117
470 0.000030 0.005088 100.000000 10.309278
470 0.000014 0.005940 200.000000 10.050251
470 0.000022 0.006006 300.000000 9.966778
470 0.000029 0.004439 400.000000 10.638298
470 0.000040 0.004104 500.000000 10.526316
470 0.000034 0.004391 600.000000 10.152285
470 0.000028 0.005986 700.000000 9.929078
470 0.000022 0.007002 800.000000 10.204082
480 0.000047 0.004781 100.000000 10.309278
480 0.000035 0.005742 200.000000 9.852217
480 0.000018 0.005895 300.000000 10.000000
480 0.000026 0.004541 400.000000 10.610080
480 0.000040 0.004345 500.000000 10.416667
480 0.000033 0.004211 600.000000 10.135135
480 0.000028 0.005640 700.000000 9.929078
480 0.000021 0.007031 800.000000 10.243278
490 0.000042 0.004778 100.000000 10.204082
490 0.000028 0.006144 200.000000 9.708738
490 0.000022 0.005951 300.000000 10.067114
490 0.000030 0.004916 400.000000 10.582010
490 0.000038 0.005076 500.000000 10.309278
490 0.000033 0.004672 600.000000 10.101010
490 0.000028 0.006045 700.000000 9.929078
490 0.000021 0.007634 800.000000 10.269576
500 0.000041 0.005557 100.000000 10.309278
500 0.000025 0.006879 200.000000 9.615385
500 0.000026 0.006164 300.000000 10.135135
500 0.000031 0.004828 400.000000 10.582010
500 0.000040 0.004577 500.000000 10.183299
500 0.000038 0.004932 600.000000 10.050251
500 0.000029 0.006448 700.000000 9.943182
500 0.000023 0.008074 800.000000 10.309278
510 0.000022 0.004781 100.000000 10.309278
510 0.000031 0.006039 200.000000 9.523809
510 0.000029 0.005571 300.000000 10.204082
510 0.000036 0.004532 400.000000 10.582010
510 0.000037 0.004548 500.000000 10.101010
510 0.000036 0.005903 600.000000 9.950249
510 0.000028 0.006879 700.000000 9.971510
510 0.000021 0.008360 800.000000 10.335917
520 0.000033 0.005003 100.000000 10.416667
520 0.000021 0.006446 200.000000 9.523809
520 0.000025 0.005290 300.000000 10.344828
520 0.000032 0.003929 400.000000 10.638298
520 0.000036 0.004105 500.000000 10.101010
520 0.000034 0.005863 600.000000 9.884679
520 0.000025 0.006567 700.000000 10.000000
520 0.000022 0.008138 800.000000 10.389610
530 0.000043 0.005535 100.000000 10.526316
530 0.000015 0.007318 200.000000 9.569378
530 0.000026 0.005364 300.000000 10.452962
530 0.000036 0.003581 400.000000 10.695188
530 0.000035 0.004095 500.000000 10.121457
530 0.000030 0.005853 600.000000 9.852217
530 0.000026 0.006541 700.000000 10.043041
530 0.000023 0.008139 800.000000 10.443864
540 0.000015 0.006038 100.000000 10.526316
540 0.000028 0.006976 200.000000 9.661836
540 0.000034 0.005661 300.000000 10.563380
540 0.000037 0.004679 400.000000 10.752688
540 0.000035 0.005266 500.000000 10.121457
540 0.000029 0.007062 600.000000 9.852217
540 0.000026 0.007581 700.000000 10.086455
540 0.000021 0.008924 800.000000 10.484928
550 0.000025 0.006457 100.000000 10.309278
550 0.000028 0.007140 200.000000 9.708738
550 0.000037 0.005903 300.000000 10.676157
550 0.000039 0.005100 400.000000 10.752688
550 0.000036 0.005499 500.000000 10.121457
550 0.000030 0.007405 600.000000 9.868421
550 0.000024 0.007991 700.000000 10.130246
550 0.000021 0.009290 800.000000 10.526316
560 0.000027 0.006825 100.000000 9.803922
560 0.000033 0.006644 200.000000 9.708738
560 0.000044 0.005416 300.000000 10.714286
560 0.000049 0.005305 400.000000 10.638298
560 0.000042 0.006232 500.000000 10.101010
560 0.000032 0.008086 600.000000 9.852217
560 0.000022 0.008576 700.000000 10.159652
560 0.000021 0.009649 800.000000 10.554090
570 0.000054 0.006439 100.000000 9.523809
570 0.000050 0.006331 200.000000 9.756098
570 0.000047 0.005599 300.000000 10.676157
570 0.000055 0.006378 400.000000 10.498688
570 0.000040 0.006977 500.000000 10.080646
570 0.000034 0.008332 600.000000 9.852217
570 0.000023 0.009212 700.000000 10.189228
570 0.000019 0.009823 800.000000 10.596026
580 0.000047 0.008243 100.000000 9.259259
580 0.000052 0.006520 200.000000 9.852217
580 0.000055 0.005895 300.000000 10.676157
580 0.000058 0.007341 400.000000 10.362695
580 0.000046 0.007488 500.000000 10.060362
580 0.000037 0.008904 600.000000 9.852217
580 0.000023 0.010225 700.000000 10.233918
580 0.000021 0.010671 800.000000 10.624170
590 0.000063 0.008178 100.000000 9.009009
590 0.000053 0.006559 200.000000 9.950249
590 0.000047 0.005976 300.000000 10.638298
590 0.000053 0.007249 400.000000 10.204082
590 0.000045 0.007364 500.000000 10.020041
590 0.000035 0.008619 600.000000 9.852217
590 0.000023 0.010013 700.000000 10.263929
590 0.000020 0.010145 800.000000 10.652463
600 0.000087 0.007497 100.000000 8.849558
600 0.000052 0.006095 200.000000 10.050251
600 0.000056 0.005557 300.000000 10.600707
600 0.000050 0.006971 400.000000 10.075566
600 0.000047 0.008073 500.000000 9.920635
600 0.000033 0.008991 600.000000 9.868421
600 0.000022 0.010192 700.000000 10.294118
600 0.000020 0.010138 800.000000 10.695188
610 0.000074 0.007972 100.000000 8.695652
610 0.000052 0.006261 200.000000 10.152285
610 0.000049 0.005395 300.000000 10.638298
610 0.000045 0.006577 400.000000 10.000000
610 0.000042 0.008532 500.000000 9.803922
610 0.000031 0.008989 600.000000 9.900990
610 0.000022 0.010358 700.000000 10.339734
610 0.000022 0.010440 800.000000 10.723861
620 0.000048 0.009134 100.000000 8.695652
620 0.000044 0.006535 200.000000 10.309278
620 0.000050 0.005124 300.000000 10.676157
620 0.000046 0.006451 400.000000 10.000000
620 0.000036 0.008604 500.000000 9.727627
620 0.000028 0.008924 600.000000 9.933775
620 0.000026 0.010428 700.000000 10.385756
620 0.000021 0.010530 800.000000 10.767160
630 0.000055 0.010176 100.000000 8.771930
630 0.000053 0.006661 200.000000 10.471204
630 0.000054 0.005340 300.000000 10.752688
630 0.000044 0.006982 400.000000 10.000000
630 0.000037 0.009182 500.000000 9.708738
630 0.000030 0.009422 600.000000 9.983361
630 0.000026 0.010850 700.000000 10.447762
630 0.000021 0.010962 800.000000 10.810811
640 0.000050 0.010714 100.000000 8.928572
640 0.000048 0.006284 200.000000 10.638298
640 0.000054 0.004966 300.000000 10.830325
640 0.000047 0.006906 400.000000 10.025063
640 0.000039 0.009422 500.000000 9.727627
640 0.000032 0.009950 600.000000 10.033444
640 0.000026 0.011338 700.000000 10.494753
640 0.000023 0.011454 800.000000 10.869565
650 0.000063 0.009860 100.000000 9.174312
650 0.000059 0.005902 200.000000 10.869565
650 0.000062 0.005335 300.000000 10.869565
650 0.000054 0.007554 400.000000 10.075566
650 0.000043 0.010121 500.000000 9.765625
650 0.000030 0.010565 600.000000 10.101010
650 0.000027 0.011745 700.000000 10.574018
650 0.000023 0.011781 800.000000 10.928962
660 0.000048 0.010002 100.000000 9.433962
660 0.000064 0.006468 200.000000 11.111111
660 0.000063 0.005989 300.000000 10.869565
660 0.000055 0.007898 400.000000 10.126582
660 0.000042 0.010408 500.000000 9.823183
660 0.000030 0.011061 600.000000 10.186757
660 0.000028 0.012334 700.000000 10.638298
660 0.000025 0.012444 800.000000 11.004127
670 0.000066 0.009159 100.000000 9.803922
670 0.000067 0.005887 200.000000 11.299435
670 0.000068 0.006111 300.000000 10.830325
670 0.000055 0.007990 400.000000 10.178117
670 0.000045 0.010254 500.000000 9.881423
670 0.000030 0.011462 600.000000 10.256411
670 0.000029 0.012431 700.000000 10.719755
670 0.000024 0.012616 800.000000 11.065007
680 0.000091 0.008348 100.000000 10.101010
680 0.000077 0.006795 200.000000 11.363636
680 0.000081 0.007752 300.000000 10.791367
680 0.000064 0.009484 400.000000 10.230179
680 0.000049 0.011751 500.000000 9.920635
680 0.000036 0.013336 600.000000 10.344828
680 0.000031 0.014175 700.000000 10.785825
680 0.000028 0.014356 800.000000 11.142061
690 0.000087 0.007821 100.000000 10.526316
690 0.000080 0.006800 200.000000 11.494253
690 0.000082 0.008227 300.000000 10.714286
690 0.000064 0.009398 400.000000 10.256411
690 0.000052 0.011762 500.000000 9.960159
690 0.000038 0.013684 600.000000 10.416667
690 0.000032 0.014400 700.000000 10.852714
690 0.000028 0.014628 800.000000 11.204482
700 0.000085 0.006559 100.000000 10.869565
700 0.000079 0.005199 200.000000 11.560694
700 0.000081 0.007234 300.000000 10.600707
700 0.000064 0.008840 400.000000 10.282776
700 0.000050 0.011151 500.000000 10.020041
700 0.000036 0.013152 600.000000 10.489511
700 0.000031 0.013605 700.000000 10.920437
700 0.000027 0.014067 800.000000 11.267606
710 0.000101 0.004983 100.000000 11.363636
710 0.000080 0.004219 200.000000 11.695907
710 0.000082 0.007071 300.000000 10.526316
710 0.000070 0.009844 400.000000 10.230179
710 0.000052 0.012068 500.000000 10.080646
710 0.000040 0.014060 600.000000 10.563380
710 0.000034 0.014567 700.000000 10.989011
710 0.000030 0.015235 800.000000 11.331445
720 0.000094 0.002971 100.000000 11.764706
720 0.000078 0.002738 200.000000 11.834319
720 0.000077 0.006837 300.000000 10.489511
720 0.000065 0.010113 400.000000 10.126582
720 0.000048 0.011441 500.000000 10.121457
720 0.000037 0.013179 600.000000 10.619469
720 0.000032 0.013597 700.000000 11.041010
720 0.000028 0.014040 800.000000 11.396011
730 0.000081 0.002558 100.000000 12.195122
730 0.000076 0.001817 200.000000 11.904762
730 0.000069 0.006228 300.000000 10.452962
730 0.000057 0.010018 400.000000 10.000000
730 0.000043 0.010977 500.000000 10.183299
730 0.000035 0.012980 600.000000 10.695188
730 0.000034 0.013539 700.000000 11.093502
730 0.000028 0.014157 800.000000 11.444921
740 0.000077 0.002668 100.000000 12.658228
740 0.000077 0.001608 200.000000 11.976048
740 0.000068 0.006054 300.000000 10.416667
740 0.000052 0.009987 400.000000 9.950249
740 0.000043 0.011104 500.000000 10.224949
740 0.000035 0.013209 600.000000 10.733453
740 0.000033 0.013777 700.000000 11.146497
740 0.000029 0.014648 800.000000 11.494253
750 0.000082 0.003212 100.000000 12.987013
750 0.000068 0.002271 200.000000 11.976048
750 0.000063 0.005917 300.000000 10.416667
750 0.000052 0.010230 400.000000 9.925558
750 0.000045 0.011567 500.000000 10.266940
750 0.000037 0.013603 600.000000 10.791367
750 0.000033 0.014148 700.000000 11.182109
750 0.000032 0.015301 800.000000 11.544011
760 0.000079 0.002704 100.000000 13.157895
760 0.000067 0.002207 200.000000 11.834319
760 0.000066 0.005839 300.000000 10.344828
760 0.000054 0.010166 400.000000 9.900990
760 0.000042 0.011555 500.000000 10.288066
760 0.000039 0.013441 600.000000 10.830325
760 0.000034 0.013998 700.000000 11.217949
760 0.000032 0.015427 800.000000 11.577424
770 0.000087 0.002120 100.000000 12.987013
770 0.000077 0.002871 200.000000 11.363636
770 0.000064 0.006025 300.000000 10.273973
770 0.000052 0.009736 400.000000 9.852217
770 0.000041 0.011721 500.000000 10.330579
770 0.000037 0.013289 600.000000 10.849910
770 0.000032 0.013850 700.000000 11.254020
770 0.000032 0.015395 800.000000 11.611031
780 0.000096 0.001888 100.000000 12.658228
780 0.000086 0.003809 200.000000 10.928962
780 0.000069 0.006439 300.000000 10.169492
780 0.000053 0.009828 400.000000 9.828010
780 0.000040 0.012502 500.000000 10.351967
780 0.000037 0.013569 600.000000 10.869565
780 0.000033 0.014249 700.000000 11.272141
780 0.000034 0.015960 800.000000 11.627907
790 0.000081 0.001683 100.000000 12.048193
790 0.000094 0.004576 200.000000 10.416667
790 0.000066 0.006410 300.000000 10.033444
790 0.000053 0.009668 400.000000 9.779951
790 0.000042 0.012289 500.000000 10.373444
790 0.000037 0.012917 600.000000 10.889292
790 0.000033 0.013808 700.000000 11.290322
790 0.000034 0.015766 800.000000 11.644833
800 0.000065 0.003344 100.000000 11.764706
800 0.000076 0.005056 200.000000 9.950249
800 0.000066 0.007178 300.000000 9.740260
800 0.000051 0.009429 400.000000 9.756098
800 0.000040 0.011723 500.000000 10.373444
800 0.000034 0.012164 600.000000 10.889292
800 0.000034 0.013064 700.000000 11.308562
800 0.000036 0.015145 800.000000 11.611031
810 0.000083 0.002166 100.000000 11.363636
810 0.000072 0.006258 200.000000 9.661836
810 0.000063 0.009322 300.000000 9.404388
810 0.000045 0.010279 400.000000 9.732360
810 0.000038 0.012463 500.000000 10.395010
810 0.000037 0.012841 600.000000 10.889292
810 0.000032 0.013641 700.000000 11.308562
810 0.000037 0.015408 800.000000 11.510792
820 0.000074 0.004404 100.000000 11.111111
820 0.000072 0.006472 200.000000 9.478673
820 0.000058 0.010248 300.000000 9.202454
820 0.000051 0.011313 400.000000 9.708738
820 0.000045 0.013610 500.000000 10.395010
820 0.000040 0.014106 600.000000 10.909091
820 0.000038 0.015344 700.000000 11.326860
820 0.000049 0.017068 800.000000 11.267606
830 0.000064 0.004376 100.000000 10.752688
830 0.000062 0.006178 200.000000 9.345795
830 0.000054 0.009723 300.000000 9.118541
830 0.000047 0.010543 400.000000 9.732360
830 0.000043 0.012414 500.000000 10.416667
830 0.000037 0.012757 600.000000 10.909091
830 0.000036 0.014282 700.000000 11.345219
830 0.000040 0.015741 800.000000 11.111111
840 0.000093 0.003463 100.000000 10.204082
840 0.000062 0.006287 200.000000 9.259259
840 0.000052 0.009815 300.000000 9.090909
840 0.000044 0.010759 400.000000 9.756098
840 0.000041 0.012382 500.000000 10.438414
840 0.000036 0.012733 600.000000 10.948905
840 0.000038 0.014382 700.000000 11.382113
840 0.000036 0.015184 800.000000 11.034483
850 0.000093 0.004617 100.000000 9.708738
850 0.000061 0.006218 200.000000 9.216590
850 0.000048 0.008931 300.000000 9.090909
850 0.000043 0.010677 400.000000 9.803922
850 0.000038 0.011574 500.000000 10.504202
850 0.000034 0.011923 600.000000 11.009174
850 0.000037 0.013724 700.000000 11.419250
850 0.000039 0.014408 800.000000 10.973937
860 0.000099 0.006008 100.000000 9.433962
860 0.000056 0.005700 200.000000 9.216590
860 0.000048 0.008526 300.000000 9.118541
860 0.000044 0.010779 400.000000 9.900990
860 0.000039 0.011270 500.000000 10.570825
860 0.000036 0.011742 600.000000 11.070110
860 0.000039 0.013672 700.000000 11.494253
870 0.000112 0.008065 100.000000 9.009009
870 0.000060 0.006442 200.000000 9.174312
870 0.000052 0.009364 300.000000 9.146341
870 0.000046 0.011804 400.000000 9.975062
870 0.000040 0.011906 500.000000 10.638298
870 0.000037 0.012636 600.000000 11.131725
870 0.000040 0.014823 700.000000 11.532125
880 0.000126 0.008596 100.000000 8.620689
880 0.000076 0.008614 200.000000 9.009009
880 0.000062 0.011531 300.000000 9.174312
880 0.000053 0.013997 400.000000 10.025063
880 0.000046 0.014005 500.000000 10.683761
880 0.000044 0.015020 600.000000 11.194030
880 0.000044 0.017307 700.000000 11.570248
890 0.000091 0.010304 100.000000 8.403361
890 0.000078 0.011019 200.000000 8.733624
890 0.000052 0.011846 300.000000 9.202454
890 0.000049 0.013902 400.000000 10.101010
890 0.000046 0.013735 500.000000 10.729613
890 0.000042 0.014448 600.000000 11.235955
890 0.000044 0.016355 700.000000 11.570248
900 0.000097 0.011890 100.000000 8.264462
900 0.000067 0.013216 200.000000 8.510638
900 0.000056 0.013020 300.000000 9.259259
900 0.000055 0.015168 400.000000 10.152285
900 0.000048 0.014851 500.000000 10.775862
900 0.000045 0.015734 600.000000 11.278195
900 0.000049 0.017532 700.000000 11.419250
910 0.000105 0.012627 100.000000 8.130081
910 0.000072 0.014342 200.000000 8.403361
910 0.000062 0.013772 300.000000 9.287926
910 0.000055 0.015742 400.000000 10.204082
910 0.000048 0.015418 500.000000 10.822511
910 0.000047 0.016607 600.000000 11.320755
910 0.000057 0.018475 700.000000 11.217949
920 0.000115 0.012539 100.000000 8.130081
920 0.000070 0.015022 200.000000 8.403361
920 0.000066 0.014602 300.000000 9.345795
920 0.000059 0.016170 400.000000 10.256411
920 0.000050 0.015785 500.000000 10.893247
920 0.000048 0.017226 600.000000 11.406844
920 0.000049 0.018776 700.000000 11.128776
930 0.000115 0.013087 100.000000 8.264462
930 0.000073 0.015911 200.000000 8.474576
930 0.000067 0.015195 300.000000 9.463722
930 0.000062 0.016632 400.000000 10.389610
930 0.000050 0.016272 500.000000 10.989011
930 0.000050 0.017896 600.000000 11.494253
930 0.000047 0.018809 700.000000 11.128776
940 0.000105 0.013355 100.000000 8.403361
940 0.000069 0.015446 200.000000 8.583691
940 0.000067 0.015544 300.000000 9.615385
940 0.000060 0.016621 400.000000 10.526316
940 0.000052 0.016282 500.000000 11.111111
940 0.000054 0.017992 600.000000 11.605416
940 0.000048 0.018462 700.000000 11.146497
950 0.000083 0.009569 100.000000 8.620689
950 0.000056 0.011805 200.000000 8.733624
950 0.000068 0.012921 300.000000 9.771987
950 0.000057 0.013556 400.000000 10.666667
950 0.000049 0.013480 500.000000 11.235955
950 0.000053 0.015402 600.000000 11.718750
950 0.000050 0.016273 700.000000 11.146497
960 0.000060 0.008845 100.000000 8.849558
960 0.000051 0.010580 200.000000 8.849558
960 0.000062 0.012130 300.000000 9.933775
960 0.000051 0.012162 400.000000 10.781672
960 0.000047 0.012024 500.000000 11.363636
960 0.000051 0.013943 600.000000 11.834319
960 0.000051 0.014933 700.000000 11.146497
970 0.000022 0.007688 100.000000 9.009009
970 0.000039 0.008284 200.000000 8.968610
970 0.000054 0.009634 300.000000 10.101010
970 0.000050 0.009339 400.000000 10.928962
970 0.000045 0.009075 500.000000 11.494253
970 0.000048 0.011259 600.000000 11.952191
980 0.000021 0.007564 100.000000 9.259259
980 0.000035 0.009195 200.000000 9.174312
980 0.000052 0.010772 300.000000 10.273973
980 0.000045 0.009863 400.000000 11.080333
980 0.000044 0.009707 500.000000 11.627907
980 0.000048 0.011788 600.000000 12.072434
990 0.000046 0.008104 100.000000 9.345795
990 0.000029 0.010193 200.000000 9.345795
990 0.000048 0.011259 300.000000 10.452962
990 0.000038 0.009934 400.000000 11.235955
990 0.000044 0.009646 500.000000 11.792453
990 0.000044 0.011517 600.000000 12.195122
1000 0.000060 0.007440 100.000000 9.174312
1000 0.000042 0.008089 200.000000 9.523809
1000 0.000049 0.009501 300.000000 10.638298
1000 0.000039 0.008015 400.000000 11.396011
1000 0.000043 0.008115 500.000000 11.904762
1000 0.000045 0.010319 600.000000 12.269938
1010 0.000081 0.008431 100.000000 8.928572
1010 0.000042 0.007162 200.000000 9.661836
1010 0.000046 0.009016 300.000000 10.791367
1010 0.000045 0.007632 400.000000 11.527377
1010 0.000043 0.007841 500.000000 12.048193
1010 0.000045 0.009828 600.000000 12.295082
1020 0.000057 0.009999 100.000000 8.695652
1020 0.000051 0.007624 200.000000 9.756098
1020 0.000051 0.009724 300.000000 10.948905
1020 0.000046 0.008288 400.000000 11.627907
1020 0.000044 0.008892 500.000000 12.135922
1020 0.000051 0.010694 600.000000 12.170385
1030 0.000054 0.010834 100.000000 8.620689
1030 0.000053 0.008138 200.000000 9.900990
1030 0.000055 0.010119 300.000000 11.070110
1030 0.000049 0.008865 400.000000 11.730206
1030 0.000050 0.009740 500.000000 12.224939
1030 0.000063 0.011768 600.000000 11.952191
1040 0.000053 0.010749 100.000000 8.620689
1040 0.000060 0.007615 200.000000 10.000000
1040 0.000054 0.009184 300.000000 11.194030
1040 0.000047 0.007710 400.000000 11.834319
1040 0.000046 0.009021 500.000000 12.345679
1040 0.000054 0.011102 600.000000 11.834319
1050 0.000044 0.011551 100.000000 8.620689
1050 0.000064 0.007714 200.000000 10.152285
1050 0.000058 0.008980 300.000000 11.320755
1050 0.000046 0.007587 400.000000 11.940298
1050 0.000048 0.009281 500.000000 12.437811
1050 0.000053 0.010936 600.000000 11.764706
1060 0.000039 0.011099 100.000000 8.695652
1060 0.000061 0.009399 200.000000 10.309278
1060 0.000053 0.009656 300.000000 11.450381
1060 0.000047 0.008370 400.000000 12.048193
1060 0.000051 0.010019 500.000000 12.531328
1060 0.000051 0.011254 600.000000 11.718750
1070 0.000048 0.011156 100.000000 8.771930
1070 0.000075 0.011090 200.000000 10.471204
1070 0.000056 0.010180 300.000000 11.583012
1070 0.000047 0.008994 400.000000 12.158054
1070 0.000053 0.010729 500.000000 12.626263
1070 0.000057 0.012082 600.000000 11.627907
1080 0.000058 0.012034 100.000000 8.849558
1080 0.000073 0.012615 200.000000 10.695188
1080 0.000062 0.011032 300.000000 11.718750
1080 0.000052 0.010057 400.000000 12.307693
1080 0.000055 0.012242 500.000000 12.755102
1090 0.000069 0.011282 100.000000 9.009009
1090 0.000079 0.011966 200.000000 10.869565
1090 0.000061 0.009251 300.000000 11.904762
1090 0.000056 0.008916 400.000000 12.461060
1090 0.000058 0.011356 500.000000 12.853471
1100 0.000113 0.011311 100.000000 9.345795
1100 0.000093 0.012405 200.000000 11.173184
1100 0.000068 0.009693 300.000000 12.096774
1100 0.000067 0.010112 400.000000 12.658228
1100 0.000062 0.012799 500.000000 12.987013
1110 0.000079 0.012332 100.000000 9.803922
1110 0.000081 0.013540 200.000000 11.560694
1110 0.000057 0.011156 300.000000 12.396694
1110 0.000058 0.010685 400.000000 12.861736
1110 0.000059 0.012753 500.000000 13.157895
1120 0.000066 0.010634 100.000000 10.309278
1120 0.000069 0.012737 200.000000 11.976048
1120 0.000057 0.010823 300.000000 12.658228
1120 0.000054 0.010028 400.000000 13.114754
1120 0.000052 0.011416 500.000000 13.262600
1130 0.000056 0.008369 100.000000 10.869565
1130 0.000059 0.011221 200.000000 12.345679
1130 0.000048 0.009110 300.000000 12.931034
1130 0.000047 0.008724 400.000000 13.333333
1130 0.000047 0.010205 500.000000 13.262600
1140 0.000049 0.005924 100.000000 11.235955
1140 0.000058 0.009533 200.000000 12.658228
1140 0.000044 0.007442 300.000000 13.157895
1140 0.000045 0.007596 400.000000 13.559322
1140 0.000062 0.009021 500.000000 13.054831
1150 0.000054 0.005399 100.000000 11.627907
1150 0.000057 0.008677 200.000000 12.903226
1150 0.000045 0.006264 300.000000 13.333333
1150 0.000045 0.006799 400.000000 13.698630
1150 0.000063 0.008521 500.000000 12.820513
1160 0.000083 0.005239 100.000000 11.904762
1160 0.000065 0.008766 200.000000 13.157895
1160 0.000049 0.006471 300.000000 13.513514
1160 0.000051 0.008042 400.000000 13.840831
1160 0.000056 0.009602 500.000000 12.690355
1170 0.000107 0.006512 100.000000 12.345679
1170 0.000073 0.008860 200.000000 13.333333
1170 0.000057 0.006943 300.000000 13.698630
1170 0.000060 0.008798 400.000000 13.986014
1170 0.000060 0.010081 500.000000 12.594459
1180 0.000113 0.010444 100.000000 12.658228
1180 0.000068 0.010120 200.000000 13.605442
1180 0.000051 0.008097 300.000000 13.824884
1180 0.000060 0.009796 400.000000 14.084507
1180 0.000059 0.010730 500.000000 12.468828
1190 0.000119 0.012623 100.000000 13.157895
1190 0.000073 0.010240 200.000000 13.793103
1190 0.000061 0.008455 300.000000 14.018692
1190 0.000061 0.010618 400.000000 14.234876
1200 0.000102 0.013145 100.000000 13.513514
1200 0.000059 0.009328 200.000000 13.986014
1200 0.000054 0.008008 300.000000 14.150944
1200 0.000057 0.010242 400.000000 14.285714
1210 0.000088 0.013014 100.000000 13.698630
1210 0.000049 0.008766 200.000000 14.084507
1210 0.000055 0.007582 300.000000 14.285714
1210 0.000055 0.009782 400.000000 14.285714
1220 0.000061 0.013026 100.000000 13.888889
1220 0.000038 0.007977 200.000000 14.184397
1220 0.000043 0.006960 300.000000 14.354067
1220 0.000045 0.008539 400.000000 13.986014
1230 0.000071 0.012649 100.000000 14.084507
1230 0.000053 0.007396 200.000000 14.285714
1230 0.000047 0.006794 300.000000 14.423077
1230 0.000081 0.007672 400.000000 13.333333
1240 0.000056 0.011967 100.000000 14.285714
1240 0.000036 0.006636 200.000000 14.285714
1240 0.000040 0.006971 300.000000 14.492754
1240 0.000058 0.007673 400.000000 12.861736
1250 0.000040 0.011740 100.000000 14.285714
1250 0.000033 0.007212 200.000000 14.388489
1250 0.000046 0.008326 300.000000 14.492754
1250 0.000050 0.007953 400.000000 12.578616
1260 0.000011 0.008569 100.000000 14.285714
1260 0.000019 0.005938 200.000000 14.388489
1260 0.000040 0.007196 300.000000 14.563107
1260 0.000056 0.007644 400.000000 12.232416
1270 0.000038 0.006992 100.000000 14.285714
1270 0.000039 0.004618 200.000000 14.388489
1270 0.000047 0.006704 300.000000 14.492754
1280 0.000027 0.004664 100.000000 14.084507
1280 0.000041 0.003166 200.000000 14.388489
1280 0.000045 0.006098 300.000000 14.423077
1290 0.000035 0.002885 100.000000 14.084507
1290 0.000038 0.002727 200.000000 14.388489
1290 0.000049 0.005269 300.000000 13.953488
1300 0.000039 0.003508 100.000000 14.084507
1300 0.000046 0.003101 200.000000 14.388489
1300 0.000090 0.004219 300.000000 12.931034
1310 0.000018 0.003666 100.000000 14.084507
1310 0.000037 0.004740 200.000000 14.492754
1310 0.000063 0.005504 300.000000 12.345679
1320 0.000032 0.003467 100.000000 14.084507
1320 0.000052 0.005916 200.000000 14.492754
1320 0.000062 0.006367 300.000000 12.000000
1330 0.000039 0.003711 100.000000 14.084507
1330 0.000059 0.006833 200.000000 14.492754
1330 0.000076 0.008286 300.000000 11.538462
1340 0.000046 0.004090 100.000000 14.084507
1340 0.000055 0.008634 200.000000 14.492754
1350 0.000067 0.004132 100.000000 14.285714
1350 0.000061 0.008966 200.000000 14.285714
1360 0.000061 0.004925 100.000000 14.285714
1360 0.000054 0.007104 200.000000 13.605442
1370 0.000068 0.005566 100.000000 14.492754
1370 0.000116 0.006720 200.000000 12.269938
1380 0.000059 0.008504 100.000000 14.492754
1380 0.000091 0.008718 200.000000 11.494253
1390 0.000074 0.009805 100.000000 14.492754
1390 0.000083 0.008820 200.000000 11.049724
1400 0.000073 0.010890 100.000000 14.492754
1410 0.000072 0.013013 100.000000 14.492754
1420 0.000059 0.011997 100.000000 13.888889
1430 0.000104 0.008866 100.000000 12.195122
1440 0.000212 0.009238 100.000000 10.101010
1450 0.000157 0.008162 100.000000 9.259259
1460 0.000172 0.010068 100.000000 8.547009
