-0.000000 0.000000 0.000000 0.000000
-0.031067 2.888054 -0.010140 2.853088
-0.064585 5.738958 -0.004749 5.670479
-0.101303 8.535486 -0.024984 8.437868
-0.142195 11.339520 -0.050192 11.210780
-0.184906 14.041360 -0.084109 13.929383
-0.236713 16.743090 -0.122555 16.636543
-0.293743 19.414190 -0.191011 19.314968
-0.351775 22.037930 -0.237805 21.945278
-0.412104 24.615430 -0.303363 24.502789
-0.469077 27.080370 -0.381262 26.978205
-0.537729 29.454710 -0.447537 29.368309
-0.609883 31.753310 -0.538473 31.667078
-0.707028 33.962280 -0.639522 33.901711
-0.822501 36.085730 -0.742282 36.044781
-0.935694 38.111240 -0.858965 38.082855
-1.022967 40.037480 -0.954362 40.030231
-1.107347 41.890890 -1.034415 41.906498
-1.156523 43.592390 -1.076005 43.619526
-1.165281 45.110470 -1.086993 45.149124
-1.139704 46.435620 -1.052241 46.508720
-1.077742 47.567320 -0.994455 47.651691
-1.006263 48.450880 -0.915306 48.563248
-0.897746 49.232390 -0.802460 49.365780
-0.757712 49.986150 -0.659522 50.137730
-0.562625 50.707270 -0.458239 50.880508
-0.317219 51.420200 -0.200170 51.600410
0.000274 52.129820 0.123051 52.311783
0.427978 52.800310 0.565617 52.995853
0.965237 53.472800 1.115536 53.672802
1.658262 54.153430 1.807343 54.371559
2.612681 54.789880 2.712873 55.020222
3.766145 55.335410 3.844021 55.600540
5.103719 55.721430 5.234800 56.061943
6.612372 55.902800 6.723639 56.272995
8.209580 55.971350 8.356933 56.384735
9.933246 55.981820 10.099438 56.406879
11.755010 55.963040 11.915413 56.365036
13.673080 55.883300 13.864186 56.309406
15.697980 55.779010 15.946844 56.229259
17.784720 55.672100 18.039135 56.167191
19.978240 55.590270 20.277617 56.098782
22.167140 55.510110 22.489183 56.049774
24.373310 55.484540 24.736975 56.060146
26.568060 55.472620 26.961908 56.060101
28.777650 55.510270 29.186863 56.084114
30.985590 55.548590 31.448975 56.134315
33.207400 55.613480 33.702591 56.217957
35.442520 55.709300 35.969936 56.321434
37.704740 55.826600 38.252853 56.459038
40.002200 55.976310 40.563622 56.626408
42.339510 56.141300 42.911762 56.809109
44.713720 56.343910 45.274105 57.019962
47.122240 56.605330 47.658943 57.286938
49.540680 56.921620 50.094322 57.614395
51.989070 57.297260 52.514839 57.980019
54.343180 57.698510 54.870480 58.384281
56.645460 58.120330 57.188042 58.826927
58.876010 58.567270 59.429482 59.282375
61.013190 59.021080 61.581989 59.748444
63.055930 59.468430 63.627090 60.200958
65.032810 59.902180 65.629227 60.642960
66.922080 60.298360 67.528229 61.055225
68.724720 60.677920 69.349167 61.452530
70.449950 61.033000 71.110031 61.807629
72.086540 61.346730 72.772202 62.122421
73.701140 61.657010 74.408127 62.425922
75.335240 61.944750 76.050438 62.704769
76.992600 62.291350 77.733009 63.071999
78.692590 62.691950 79.393753 63.477890
80.453400 63.179850 81.169708 63.980350
82.265790 63.740490 83.009529 64.567116
84.194030 64.399810 84.925018 65.231995
86.224450 65.153770 86.923981 65.975243
88.357870 65.993410 89.025780 66.796112
90.502450 66.907090 91.168304 67.704308
92.609040 67.903710 93.289978 68.666443
94.633120 68.920130 95.319672 69.646278
96.583420 69.912990 97.308716 70.626740
98.435050 70.883890 99.185669 71.584305
100.212200 71.816210 100.987518 72.507950
101.905500 72.735820 102.708527 73.415329
103.511500 73.620900 104.357254 74.294090
105.060100 74.482340 105.913895 75.151993
106.565000 75.343110 107.430710 76.006332
108.028900 76.228830 108.876183 76.876648
109.484600 77.160920 110.318596 77.805016
111.012500 78.171090 111.821648 78.820892
112.582900 79.246780 113.364281 79.904747
114.228600 80.425890 114.967278 81.085785
115.947600 81.729260 116.646301 82.378357
117.700100 83.151090 118.394119 83.801003
119.523000 84.685210 120.182938 85.350372
121.433400 86.292660 122.080017 86.970139
123.377700 87.978210 124.006615 88.668648
125.311100 89.753620 125.922577 90.436562
127.275600 91.596860 127.874855 92.269173
129.224500 93.463900 129.847748 94.163818
131.149100 95.403230 131.774506 96.050262
133.059000 97.419260 133.674347 98.031487
134.953900 99.488560 135.574524 100.081680
136.852800 101.578900 137.472992 102.153961
138.768400 103.700800 139.367371 104.249390
140.668600 105.771500 141.287186 106.353470
142.593300 107.805600 143.198334 108.394966
144.499400 109.783900 145.098938 110.395683
146.448400 111.754000 147.037125 112.346008
148.396300 113.639400 148.972778 114.236191
150.376300 115.438400 150.939667 116.088470
152.404100 117.222400 152.948364 117.930481
154.478600 118.989300 154.965897 119.717255
156.645400 120.724500 157.098648 121.500748
158.905800 122.432200 159.299896 123.228203
161.194700 124.063600 161.572113 124.893379
163.498700 125.601900 163.867645 126.495491
165.800800 127.092000 166.100693 127.955887
168.046900 128.527100 168.395126 129.451385
170.193100 129.881700 170.590271 130.831314
172.320500 131.175000 172.712982 132.099518
174.354500 132.418200 174.776138 133.361359
176.353200 133.630800 176.810272 134.559357
178.293700 134.777800 178.754761 135.697723
180.174800 135.863800 180.675735 136.794113
181.990300 136.890800 182.535355 137.836258
183.746700 137.844100 184.336334 138.795258
185.502900 138.752600 186.137726 139.714661
187.316700 139.650000 187.972046 140.626297
189.197800 140.526600 189.883041 141.507477
191.166700 141.381000 191.873825 142.363068
193.245000 142.204500 193.955963 143.186996
195.460000 143.026300 196.164185 144.020416
197.772100 143.833600 198.484467 144.828262
200.145100 144.607400 200.893295 145.602051
202.692400 145.397600 203.422440 146.384949
205.249500 146.171900 205.996964 147.191864
207.860900 146.926000 208.612442 147.948853
210.549200 147.643600 211.319427 148.674805
213.300400 148.348200 214.073410 149.379150
216.084100 149.048900 216.879486 150.093948
218.860300 149.726200 219.678909 150.778458
221.644800 150.382100 222.471725 151.438629
224.412100 151.021800 225.262939 152.083633
227.167600 151.643200 228.098343 152.714203
229.918900 152.230300 230.910309 153.304947
232.689500 152.785800 233.692764 153.861298
235.449300 153.313200 236.465897 154.370239
238.199800 153.803200 239.255447 154.890030
240.934200 154.256400 241.986313 155.355499
243.668800 154.668400 244.718399 155.767838
246.368400 155.041200 247.425781 156.154266
249.069800 155.358200 250.148026 156.483612
251.725900 155.632800 252.806534 156.770676
254.402400 155.881300 255.501846 157.031082
257.042800 156.089700 258.159180 157.244751
259.660100 156.224000 260.791138 157.388611
262.271700 156.315800 263.427826 157.494324
264.865700 156.356900 266.026825 157.522675
267.459400 156.359600 268.656860 157.532944
270.039500 156.343700 271.252594 157.521164
272.588200 156.330000 273.783661 157.527695
275.056200 156.330100 276.275818 157.521454
277.448400 156.359600 278.687073 157.546478
279.738200 156.429500 280.991974 157.622818
281.938200 156.520200 283.227539 157.712006
284.012100 156.634000 285.298950 157.811020
285.967000 156.761600 287.251343 157.935379
287.810800 156.898300 289.105011 158.076843
289.549300 157.041600 290.826813 158.217865
291.199000 157.180400 292.464447 158.371582
292.759600 157.324200 294.019104 158.521301
294.237400 157.467800 295.496155 158.690002
295.702000 157.617000 296.974640 158.841980
297.209000 157.765400 298.459473 158.995621
298.767900 157.889400 300.013397 159.129013
300.432800 158.016900 301.680359 159.264755
302.189300 158.141600 303.425995 159.386383
304.038500 158.267800 305.293213 159.509964
305.995200 158.405700 307.247375 159.654343
308.048700 158.531900 309.299316 159.785400
310.174500 158.661100 311.439056 159.908813
312.381400 158.771100 313.649292 160.040741
314.676200 158.867600 315.942200 160.138611
317.037300 158.975500 318.301331 160.242676
319.477900 159.096700 320.734039 160.358795
321.983300 159.231700 323.234436 160.481781
324.556700 159.385400 325.818695 160.628693
327.199000 159.561700 328.474976 160.802017
329.888000 159.763100 331.182037 161.010742
332.606500 159.992500 333.924683 161.236664
335.346200 160.242300 336.660522 161.465607
338.087800 160.502200 339.416321 161.718216
340.808300 160.751300 342.149689 161.969635
343.520500 160.989100 344.866547 162.223129
346.223500 161.227200 347.611053 162.497650
348.906500 161.474100 350.286377 162.743500
351.590100 161.717700 353.020538 163.032837
354.273100 161.969400 355.725037 163.294724
356.966000 162.239900 358.402863 163.611908
359.666600 162.550200 361.079590 163.999146
362.375700 162.896300 363.775452 164.403595
365.062800 163.323000 366.423126 164.885269
367.727000 163.850800 369.073822 165.445938
370.348600 164.475400 371.738220 166.070511
372.964400 165.138700 374.357178 166.745789
375.599800 165.826700 376.985626 167.459885
378.229900 166.566100 379.616180 168.204102
380.801800 167.357500 382.240967 168.999985
383.318400 168.171800 384.808502 169.810822
385.808200 169.013900 387.331390 170.645889
388.246500 169.856400 389.814636 171.481384
390.650800 170.695000 392.249756 172.306473
393.014800 171.503500 394.653381 173.103989
395.404400 172.284100 397.037079 173.875244
397.780400 173.063700 399.412689 174.669342
400.205400 173.874000 401.861816 175.471268
402.725900 174.699400 404.365082 176.302261
405.238700 175.529800 406.959595 177.141418
407.810400 176.369600 409.588623 177.991089
410.380800 177.246300 412.202667 178.842163
412.944100 178.091800 414.788666 179.713577
415.502100 178.907300 417.354584 180.570618
417.987000 179.722000 419.846863 181.404175
420.400700 180.499000 422.258514 182.215424
422.723500 181.229600 424.604706 182.967484
424.970600 181.953100 426.832428 183.714020
427.191300 182.654700 429.083496 184.435669
429.364900 183.330700 431.272888 185.124191
431.542400 184.015100 433.471344 185.827667
433.709700 184.706100 435.643646 186.502533
435.894400 185.396800 437.821991 187.210190
437.987000 186.094800 439.940643 187.897675
439.976500 186.775400 441.968292 188.595734
441.889500 187.423200 443.885651 189.261841
443.709700 188.041300 445.727203 189.886688
445.449300 188.641500 447.472565 190.501419
447.056300 189.201200 449.117310 191.080185
448.590500 189.739900 450.664764 191.640503
450.015000 190.249300 452.122437 192.157196
451.352700 190.721500 453.458832 192.637482
452.596100 191.161200 454.720520 193.083115
453.710200 191.550200 455.879272 193.496277
454.731200 191.911400 456.913422 193.855804
455.653200 192.246800 457.861481 194.196594
456.505300 192.533700 458.732758 194.479614
457.319300 192.826200 459.565399 194.778656
458.109900 193.111500 460.349609 195.060547
458.896600 193.410900 461.156372 195.346649
459.697700 193.760100 461.982971 195.670532
460.531700 194.165900 462.819763 196.072678
461.370300 194.631800 463.648895 196.516724
462.158600 195.139900 464.418152 197.022339
462.899600 195.612800 465.164337 197.499695
463.586200 195.962000 465.875336 197.869904
464.354300 196.273600 466.591644 198.167770
465.139400 196.550800 467.360107 198.423203
465.948600 196.799800 468.157471 198.651184
466.714000 197.006300 468.933899 198.884476
467.409700 197.209000 469.619110 199.088501
468.004600 197.427000 470.219543 199.318588
468.491000 197.643300 470.707153 199.553833
468.884200 197.788300 471.091949 199.740143
469.204000 197.984300 471.403046 199.959869
469.473000 198.134800 471.673523 200.152267
469.708700 198.262200 471.903992 200.322174
469.857800 198.400100 472.043579 200.482361
469.984600 198.505100 472.171356 200.593109
470.093200 198.600100 472.289581 200.697952
