0.000000 0.000000 0.000000 0.000000
0.059875 0.430540 0.056312 0.436197
0.240194 0.981257 0.236074 0.989209
0.531827 1.620036 0.528720 1.617274
0.999102 2.286905 0.992464 2.280319
1.634196 2.948016 1.595137 2.903856
2.465897 3.579897 2.401387 3.549995
3.507611 4.202254 3.454168 4.199559
4.794196 4.791823 4.748400 4.793228
6.329744 5.330723 6.300379 5.326180
8.109243 5.878028 8.104190 5.875518
10.112010 6.449695 10.143666 6.449416
12.311460 7.000760 12.383354 6.992282
14.649940 7.512325 14.740123 7.515258
17.045990 7.933466 17.154474 7.930596
19.495760 8.228210 19.616781 8.223175
21.992720 8.306307 22.155615 8.285566
24.504830 8.124873 24.683111 8.090295
26.991550 7.679836 27.203325 7.612829
29.438030 6.997717 29.636246 6.915102
31.783040 6.157692 31.979149 6.064772
34.061480 5.135804 34.244678 5.038147
36.249090 3.963231 36.399239 3.868041
38.339410 2.756405 38.474976 2.663822
40.387000 1.476584 40.524353 1.380274
42.507450 0.121543 42.630543 0.039902
44.798470 -1.255569 44.916229 -1.351715
47.253440 -2.652713 47.331261 -2.738594
49.829130 -4.119797 49.869732 -4.207611
52.496600 -5.654198 52.501434 -5.746115
55.197500 -7.201418 55.168434 -7.298090
57.889050 -8.733355 57.819992 -8.830776
60.568300 -10.237180 60.475491 -10.341398
63.209030 -11.720560 63.100697 -11.839899
65.794730 -13.245590 65.687035 -13.371716
68.306160 -14.789450 68.201111 -14.925201
70.774870 -16.359280 70.646416 -16.510403
73.207180 -17.930420 73.075035 -18.090218
75.585180 -19.500110 75.440559 -19.670301
77.976200 -21.045650 77.830940 -21.217470
80.359750 -22.550030 80.226250 -22.745607
82.721600 -24.045560 82.578354 -24.255150
85.130890 -25.457240 84.982246 -25.671934
87.583520 -26.763470 87.438614 -26.983566
90.052030 -27.962520 89.898392 -28.188793
92.567280 -29.055560 92.428658 -29.311863
95.091560 -30.042180 94.961014 -30.320248
97.627970 -30.999950 97.485947 -31.287937
100.184800 -31.914080 100.041107 -32.221714
102.738700 -32.746220 102.593697 -33.085938
105.306500 -33.553570 105.142754 -33.903027
107.889600 -34.298460 107.713333 -34.665466
110.487000 -34.993230 110.288269 -35.380611
113.094500 -35.631080 112.871635 -36.023670
115.714700 -36.218190 115.490524 -36.621853
118.336800 -36.794500 118.101486 -37.219543
120.956100 -37.311260 120.726562 -37.753941
123.575400 -37.808670 123.346260 -38.258430
126.178100 -38.305940 125.929184 -38.756950
128.749000 -38.789160 128.503983 -39.245598
131.294400 -39.254810 131.030777 -39.728935
133.800300 -39.697620 133.507782 -40.189816
136.267300 -40.152820 135.972519 -40.669231
138.705700 -40.571180 138.396362 -41.111084
141.108200 -40.918610 140.789795 -41.474152
143.486200 -41.184130 143.156937 -41.755215
145.827400 -41.344840 145.508316 -41.932903
148.116900 -41.390150 147.800430 -41.987545
150.394500 -41.337850 150.099594 -41.964489
152.640300 -41.243160 152.351685 -41.911926
154.896300 -41.171990 154.597260 -41.883118
157.139500 -41.129290 156.830582 -41.876369
159.364300 -41.123040 159.051712 -41.919804
161.541500 -41.143410 161.226791 -41.983463
163.691100 -41.184580 163.388260 -42.065468
165.794600 -41.169840 165.478058 -42.075581
167.853000 -41.036680 167.526688 -41.976341
169.861400 -40.814300 169.540634 -41.779343
171.785700 -40.498720 171.466354 -41.474686
173.656900 -40.100850 173.328674 -41.092384
175.466100 -39.643440 175.138199 -40.660019
177.238400 -39.176700 176.917725 -40.202118
179.051200 -38.637820 178.744247 -39.686394
180.842400 -38.130090 180.554871 -39.204636
182.654500 -37.585090 182.380524 -38.669216
184.499200 -36.994200 184.238831 -38.105057
186.326400 -36.336250 186.077759 -37.484570
188.179600 -35.586660 187.942581 -36.781902
190.033300 -34.744990 189.817047 -35.965706
191.950900 -33.866980 191.734467 -35.105431
193.922400 -32.984310 193.696960 -34.234978
195.981900 -32.091960 195.743713 -33.355621
198.044700 -31.179470 197.804062 -32.458984
200.096400 -30.282730 199.858490 -31.586197
202.149000 -29.377620 201.915054 -30.698174
204.205200 -28.490440 203.992645 -29.849991
206.280400 -27.683360 206.079666 -29.066330
208.395100 -26.949400 208.196854 -28.363834
210.511400 -26.248260 210.314194 -27.685757
212.653100 -25.542730 212.453110 -27.004807
214.826000 -24.841570 214.621002 -26.327774
217.025900 -24.115450 216.811615 -25.611366
219.237300 -23.317850 219.017548 -24.855083
221.445500 -22.466040 221.212982 -24.062943
223.667300 -21.584010 223.412064 -23.227478
225.887600 -20.687600 225.643997 -22.363060
228.072000 -19.761640 227.848328 -21.462059
230.220200 -18.813360 230.007416 -20.538055
232.380100 -17.819580 232.185303 -19.569275
234.567900 -16.817990 234.359772 -18.591278
236.713000 -15.809910 236.506332 -17.618980
238.851800 -14.765210 238.660202 -16.599884
241.017000 -13.683470 240.805328 -15.580452
243.189400 -12.578710 243.008575 -14.501801
245.303900 -11.468690 245.105072 -13.428963
247.468200 -10.349670 247.271118 -12.353401
249.645100 -9.231011 249.446915 -11.270935
251.806300 -8.090111 251.609146 -10.173828
253.960700 -6.938930 253.786469 -9.055679
256.101100 -5.755645 255.950470 -7.903290
258.215000 -4.543629 258.114044 -6.712982
260.307600 -3.272954 260.217712 -5.466827
262.344400 -1.883065 262.285614 -4.089386
264.302700 -0.414263 264.268738 -2.658089
266.252100 1.068534 266.269531 -1.195045
268.265900 2.447327 268.325012 0.160393
270.324900 3.759467 270.424927 1.445824
272.419700 5.022290 272.557770 2.681145
274.560900 6.266911 274.752350 3.895737
276.693900 7.483336 276.924042 5.091492
278.872400 8.703796 279.144287 6.271721
281.097600 9.935075 281.401184 7.484261
283.337500 11.219770 283.678314 8.744080
285.578400 12.544850 285.936707 10.030228
287.831600 13.911530 288.197784 11.373650
290.088700 15.396350 290.468292 12.832680
292.311900 16.932960 292.727600 14.335213
294.493900 18.481610 294.981934 15.887802
296.720900 20.090920 297.237671 17.541763
298.978300 21.804860 299.449249 19.263870
301.361000 23.633810 301.645782 21.067337
303.645300 25.487530 303.805542 22.893265
305.870300 27.427630 305.947845 24.779846
308.019400 29.387000 308.082397 26.711807
310.140700 31.374480 310.175598 28.648163
312.194800 33.399420 312.237732 30.629379
314.189200 35.447230 314.242706 32.618683
316.138800 37.517350 316.203735 34.635529
318.049100 39.628100 318.133087 36.713257
319.943200 41.728570 320.028442 38.767197
321.828600 43.822610 321.943512 40.829941
323.748400 45.934260 323.887573 42.897659
325.706500 48.018020 325.859863 44.962418
327.739600 50.080930 327.932190 47.004623
329.840400 52.117880 330.058716 49.012527
331.997600 54.088750 332.234955 50.942856
334.230000 56.046050 334.481750 52.861282
336.499800 57.995180 336.780640 54.769089
338.816900 59.925620 339.131226 56.684952
341.178100 61.833440 341.505127 58.537216
343.554900 63.722300 343.920380 60.403770
345.957800 65.576790 346.365479 62.231880
348.386500 67.418200 348.804260 64.023438
350.801500 69.229240 351.240570 65.784355
353.254100 71.038830 353.693146 67.571632
355.698600 72.844900 356.142670 69.352730
358.141800 74.650950 358.593750 71.127403
360.583100 76.452920 361.024902 72.915138
363.026300 78.255900 363.469147 74.683670
365.452200 80.044720 365.918304 76.435669
367.845000 81.823410 368.324127 78.168640
370.166400 83.579750 370.666504 79.897659
372.393300 85.288160 372.916229 81.580711
374.497600 86.944540 375.052734 83.215973
376.478000 88.495560 377.050415 84.735168
378.371000 89.933730 378.951721 86.151611
380.183400 91.300940 380.782379 87.492363
381.933000 92.573690 382.539093 88.739403
383.660900 93.763590 384.287415 89.927917
385.476400 94.921870 386.138031 91.075066
387.358800 96.029350 388.051147 92.154152
389.297900 97.086300 390.019928 93.197495
391.333900 98.175050 392.084839 94.271118
393.414000 99.266980 394.185730 95.312859
395.549800 100.322500 396.345398 96.330666
397.704500 101.322500 398.532104 97.312271
399.824200 102.279600 400.663513 98.221558
401.916600 103.140900 402.777588 99.039253
403.950600 103.902700 404.827972 99.761368
405.959700 104.590800 406.838562 100.395615
408.011000 105.108200 408.893066 100.883804
410.135100 105.485400 411.039917 101.238701
412.361000 105.790800 413.276825 101.527573
414.624700 106.058600 415.527985 101.764404
416.897400 106.297800 417.805054 101.973511
419.163900 106.506600 420.071991 102.138763
421.493300 106.727000 422.399017 102.321388
423.737200 106.947800 424.614899 102.503532
425.977100 107.191600 426.841187 102.717918
428.102800 107.420100 428.936615 102.925743
430.149200 107.670800 430.980713 103.119751
432.117500 107.907600 432.953491 103.299240
434.025800 108.008100 434.858276 103.347939
435.758200 108.009100 436.614655 103.301689
437.299000 107.930500 438.144196 103.173904
438.581000 107.769400 439.430389 102.962746
439.666200 107.607000 440.526672 102.773476
440.608900 107.409000 441.462158 102.550934
441.398700 107.289400 442.233582 102.432259
441.992900 107.179100 442.825958 102.305878
442.448600 107.110700 443.267883 102.197968
442.905900 107.038600 443.729401 102.081886
443.346800 107.014100 444.162384 102.014320
443.836000 106.989300 444.666016 101.938095
444.473000 106.989500 445.301392 101.919083
445.205500 106.946300 446.036377 101.826614
446.012900 106.953300 446.849976 101.786377
446.902800 107.033600 447.732880 101.806488
447.889800 107.210000 448.653625 101.942230
448.987400 107.446500 449.737854 102.127480
450.189500 107.822200 450.927216 102.442726
451.491100 108.402100 452.210968 102.870941
452.928900 109.084800 453.668243 103.432167
454.502200 109.798100 455.210876 104.100243
456.158200 110.666600 456.880066 104.955963
457.971900 111.646100 458.621490 105.913040
459.877400 112.735800 460.501587 106.979858
461.883200 113.914900 462.503448 108.142967
463.988700 115.182000 464.594666 109.386414
466.175500 116.517700 466.811279 110.688545
468.435400 117.924700 469.071350 112.071693
470.781100 119.404400 471.431458 113.502190
473.219400 120.926800 473.869995 114.988190
475.743400 122.510800 476.399872 116.542007
478.344300 124.160400 478.975769 118.141754
480.992000 125.864000 481.651428 119.822311
483.679900 127.592900 484.395782 121.517181
486.447600 129.273600 487.208038 123.153259
489.320000 130.826500 490.143585 124.674980
492.282900 132.213200 493.168182 126.011185
495.358000 133.438200 496.300079 127.145309
498.513800 134.409800 499.522339 128.081619
501.751100 135.064200 502.759094 128.705383
505.042300 135.427700 506.087921 129.034027
508.395000 135.556900 509.454681 129.132385
511.770400 135.475700 512.854309 129.010574
515.185000 135.299200 516.282776 128.783325
518.623000 135.097900 519.712646 128.528015
522.144800 134.847000 523.258972 128.243973
525.734400 134.578800 526.881165 127.935471
529.399100 134.293800 530.556030 127.608360
533.133700 134.010400 534.285400 127.276115
536.936600 133.686300 538.141724 126.931122
540.806000 133.326000 541.983643 126.532501
544.802000 132.892300 545.894287 126.071388
548.848400 132.415900 549.873779 125.574081
552.948000 131.900800 553.970215 125.019325
557.104100 131.327900 558.102112 124.421761
561.317500 130.706600 562.289795 123.770027
565.599800 130.051200 566.559570 123.116333
569.941500 129.367300 570.993103 122.380234
574.351700 128.666500 575.363708 121.651863
578.779700 127.953800 579.778259 120.899002
583.237100 127.258900 584.177368 120.172066
587.713000 126.567300 588.605774 119.400955
592.202000 125.884700 593.059692 118.659035
596.683800 125.215200 597.507019 117.924316
601.149700 124.558400 601.932983 117.236877
605.601500 123.870200 606.356873 116.528198
610.038700 123.194200 610.779968 115.833855
614.483600 122.547100 615.183838 115.182327
618.926400 121.903400 619.621582 114.522278
623.350300 121.254400 624.014709 113.855774
627.741900 120.615400 628.363770 113.217896
632.071600 120.016600 632.618103 112.625809
636.318800 119.412600 636.816528 112.025925
640.484000 118.825100 640.964050 111.441437
644.497600 118.256100 644.997131 110.856674
648.278400 117.698400 648.799622 110.308281
651.817400 117.176000 652.355835 109.769798
655.064500 116.712400 655.619385 109.317421
657.980700 116.314200 658.542603 108.925476
660.526400 115.964600 661.085693 108.582230
662.701100 115.630800 663.262512 108.257545
664.544000 115.185100 665.156494 107.818039
666.220700 114.557800 666.798218 107.187790
667.731400 113.722400 668.284180 106.313934
668.815500 112.652100 669.427612 105.272675
669.721700 111.420600 670.321594 104.019119
670.375000 110.040000 670.914978 102.615662
670.743500 108.532100 671.256409 101.090118
670.853700 106.905800 671.341187 99.457054
670.479600 105.203700 671.033508 97.795700
669.886200 103.505000 670.396057 96.109177
668.934000 101.811700 669.450562 94.464447
667.713400 100.128500 668.202637 92.796265
666.284600 98.431790 666.770264 91.108887
664.691900 96.730170 665.182007 89.396667
662.951100 95.069520 663.412354 87.724854
661.045400 93.515090 661.513550 86.185638
658.978100 92.108080 659.458252 84.819778
656.784000 90.796840 657.276672 83.552460
654.501500 89.445100 655.002686 82.248611
652.178300 88.060580 652.656433 80.890717
649.787300 86.622730 650.271484 79.475769
647.361600 85.108610 647.819031 77.971680
644.842400 83.549870 645.275879 76.411575
642.252000 81.948280 642.690735 74.825546
639.681300 80.324390 640.120850 73.213974
637.149300 78.658370 637.618225 71.585556
634.666500 76.993840 635.130737 69.932587
632.251900 75.355150 632.708984 68.328430
629.879500 73.738570 630.356812 66.767426
627.590500 72.163550 628.066284 65.221130
625.387200 70.610050 625.865112 63.703522
623.318500 69.115660 623.812012 62.279037
621.410500 67.709240 621.911682 60.947922
619.670100 66.436970 620.190918 59.726471
618.153900 65.289110 618.677124 58.629059
616.867100 64.327580 617.392517 57.699982
615.819600 63.530860 616.379028 56.937469
614.973800 62.932120 615.541382 56.339172
614.330800 62.461620 614.872864 55.858429
613.811100 62.069300 614.344238 55.468964
613.313200 61.694250 613.833252 55.104736
612.830400 61.322490 613.332092 54.722473
612.348000 60.956790 612.828247 54.365479
611.900500 60.618970 612.364624 54.018921
611.476100 60.298910 611.926392 53.692291
611.109300 60.011850 611.558533 53.414185
610.766100 59.758400 611.204834 53.167419
610.434000 59.483890 610.868958 52.909088
610.127300 59.236310 610.537476 52.651886
609.810600 58.983200 610.211426 52.410004
609.426900 58.683240 609.835999 52.114990
608.885000 58.245010 609.271851 51.693817
608.141400 57.643250 608.518982 51.107208
607.226200 56.864850 607.608154 50.357758
606.175100 55.922830 606.583008 49.435211
604.988800 54.815760 605.424194 48.355286
603.721000 53.539790 604.176636 47.102539
602.357600 52.129810 602.829590 45.726990
600.872200 50.598950 601.348389 44.235931
599.313100 48.940800 599.781616 42.610962
597.636500 47.153860 598.075256 40.856964
595.881100 45.248230 596.288452 38.991943
594.057800 43.236600 594.418884 37.005554
592.228600 41.166150 592.555176 34.957825
590.416500 39.097260 590.729370 32.910065
588.589700 37.035950 588.905396 30.863037
586.727400 34.953000 587.033813 28.828430
584.835300 32.869090 585.125488 26.778992
582.909900 30.778460 583.173096 24.711914
580.956400 28.682870 581.207825 22.650787
578.981900 26.559660 579.204224 20.553284
576.989600 24.412110 577.192749 18.448181
575.013400 22.261790 575.206116 16.342407
573.061000 20.092300 573.219788 14.190308
571.135300 17.941960 571.278687 12.072845
569.253000 15.812370 569.368835 9.970428
567.402800 13.684550 567.505249 7.872406
565.597000 11.594760 565.659668 5.788513
563.776800 9.568871 563.805054 3.790100
562.016200 7.610878 562.007690 1.824005
560.357800 5.761759 560.335083 0.019348
558.790600 4.059161 558.754944 -1.653381
557.388800 2.556647 557.347534 -3.128662
556.166300 1.224300 556.109680 -4.454010
555.086800 0.038120 554.997925 -5.618317
554.091900 -1.065239 553.989075 -6.710144
553.156200 -2.093206 553.023499 -7.723267
552.265400 -3.039119 552.122192 -8.652863
551.446200 -3.918816 551.294617 -9.517700
550.714900 -4.709150 550.549316 -10.300690
550.055400 -5.411455 549.874756 -10.989624
549.472200 -6.063502 549.281738 -11.644989
548.991400 -6.627882 548.788452 -12.200256
548.582100 -7.090666 548.371704 -12.651886
548.257600 -7.479973 548.045349 -13.027435
547.987500 -7.803179 547.764282 -13.334503
547.768900 -8.070234 547.530212 -13.592224
547.592600 -8.293718 547.345703 -13.814178
547.438700 -8.468806 547.196533 -13.989746
547.312300 -8.609266 547.064697 -14.134003
547.212800 -8.727030 546.950806 -14.258362
547.137900 -8.816118 546.870361 -14.351105
547.093000 -8.878200 546.814514 -14.412384
547.069500 -8.915003 546.780396 -14.448944
547.040300 -8.948208 546.752502 -14.480499
546.977500 -9.002351 546.708496 -14.528503
546.906300 -9.075048 546.647400 -14.597015
546.823300 -9.175395 546.566040 -14.689178
546.717900 -9.307750 546.457153 -14.811493
546.577700 -9.471357 546.323853 -14.964661
546.411500 -9.667371 546.154724 -15.159576
546.222400 -9.896104 545.957275 -15.377747
546.013600 -10.141830 545.741455 -15.616364
545.783400 -10.398320 545.503662 -15.868286
545.569500 -10.646660 545.280518 -16.115021
545.387700 -10.868510 545.091675 -16.330139
545.242600 -11.049650 544.942749 -16.502533
