0 0.000196 0.006380 100.000000 7.633588
0 0.000134 0.007368 200.000000 7.782101
0 0.000109 0.008508 300.000000 7.772021
0 0.000080 0.008910 400.000000 8.146640
0 0.000062 0.010061 500.000000 8.051530
0 0.000047 0.011400 600.000000 7.957560
0 0.000049 0.010806 700.000000 8.505467
0 0.000037 0.009617 800.000000 8.528785
10 0.000182 0.005144 100.000000 8.130081
10 0.000129 0.004152 200.000000 8.000000
10 0.000100 0.005001 300.000000 7.936508
10 0.000073 0.005993 400.000000 8.281573
10 0.000063 0.007025 500.000000 8.064516
10 0.000046 0.008025 600.000000 8.042895
10 0.000045 0.007239 700.000000 8.599508
10 0.000036 0.006632 800.000000 8.592911
20 0.000157 0.003192 100.000000 8.547009
20 0.000105 0.001603 200.000000 8.163265
20 0.000084 0.003120 300.000000 8.064516
20 0.000059 0.006880 400.000000 8.403361
20 0.000048 0.007395 500.000000 7.974482
20 0.000036 0.007226 600.000000 8.130081
20 0.000039 0.005357 700.000000 8.674102
20 0.000032 0.003964 800.000000 8.658009
30 0.000139 0.000844 100.000000 8.928572
30 0.000101 0.004238 200.000000 8.230453
30 0.000087 0.005722 300.000000 8.152174
30 0.000060 0.008739 400.000000 8.474576
30 0.000042 0.009740 500.000000 7.898894
30 0.000034 0.009347 600.000000 8.196721
30 0.000036 0.007740 700.000000 8.750000
30 0.000030 0.005854 800.000000 8.686211
40 0.000140 0.002969 100.000000 9.009009
40 0.000100 0.006141 200.000000 8.230453
40 0.000081 0.007178 300.000000 8.174387
40 0.000056 0.010270 400.000000 8.528785
40 0.000037 0.011185 500.000000 7.861635
40 0.000034 0.010199 600.000000 8.241758
40 0.000033 0.008459 700.000000 8.793970
40 0.000030 0.006016 800.000000 8.629990
50 0.000124 0.004271 100.000000 9.090909
50 0.000085 0.006090 200.000000 8.196721
50 0.000077 0.005895 300.000000 8.196721
50 0.000058 0.009462 400.000000 8.547009
50 0.000034 0.009936 500.000000 7.861635
50 0.000031 0.008513 600.000000 8.287292
50 0.000032 0.006595 700.000000 8.816121
50 0.000028 0.004310 800.000000 8.333333
60 0.000124 0.005197 100.000000 9.174312
60 0.000076 0.006978 200.000000 8.163265
60 0.000080 0.007581 300.000000 8.219178
60 0.000052 0.009842 400.000000 8.547009
60 0.000031 0.010215 500.000000 7.861635
60 0.000030 0.008649 600.000000 8.333333
60 0.000032 0.006770 700.000000 8.805032
60 0.000029 0.004395 800.000000 8.281573
70 0.000122 0.005587 100.000000 9.174312
70 0.000079 0.008296 200.000000 8.163265
70 0.000077 0.009124 300.000000 8.264462
70 0.000051 0.010867 400.000000 8.528785
70 0.000033 0.011287 500.000000 7.886436
70 0.000032 0.009792 600.000000 8.391608
70 0.000035 0.008018 700.000000 8.739077
70 0.000029 0.005415 800.000000 8.281573
80 0.000082 0.005708 100.000000 9.174312
80 0.000075 0.007977 200.000000 8.130081
80 0.000074 0.009071 300.000000 8.287292
80 0.000045 0.010107 400.000000 8.492569
80 0.000027 0.010841 500.000000 7.911392
80 0.000030 0.009688 600.000000 8.438819
80 0.000028 0.008048 700.000000 8.695652
80 0.000026 0.005956 800.000000 8.290155
90 0.000126 0.005788 100.000000 8.928572
90 0.000081 0.008443 200.000000 8.032128
90 0.000067 0.009720 300.000000 8.264462
90 0.000042 0.010442 400.000000 8.438819
90 0.000029 0.011191 500.000000 7.923930
90 0.000031 0.009947 600.000000 8.474576
90 0.000026 0.008079 700.000000 8.663366
90 0.000026 0.005906 800.000000 8.281573
100 0.000142 0.005573 100.000000 8.695652
100 0.000086 0.008010 200.000000 7.936508
100 0.000067 0.009370 300.000000 8.264462
100 0.000041 0.009973 400.000000 8.368201
100 0.000031 0.010570 500.000000 7.936508
100 0.000029 0.009179 600.000000 8.522727
100 0.000026 0.007155 700.000000 8.641975
100 0.000027 0.005416 800.000000 8.273009
110 0.000106 0.009261 100.000000 8.403361
110 0.000081 0.009372 200.000000 7.874016
110 0.000056 0.011151 300.000000 8.264462
110 0.000033 0.011339 400.000000 8.316009
110 0.000022 0.011460 500.000000 7.949126
110 0.000026 0.009714 600.000000 8.559201
110 0.000024 0.007368 700.000000 8.641975
110 0.000025 0.004804 800.000000 8.273009
120 0.000120 0.006388 100.000000 8.064516
120 0.000079 0.006658 200.000000 7.843137
120 0.000058 0.008660 300.000000 8.264462
120 0.000038 0.008733 400.000000 8.264462
120 0.000028 0.009198 500.000000 7.974482
120 0.000029 0.007721 600.000000 8.608321
120 0.000024 0.005988 700.000000 8.641975
120 0.000024 0.004739 800.000000 8.273009
130 0.000082 0.007724 100.000000 7.812500
130 0.000065 0.006854 200.000000 7.782101
130 0.000045 0.008365 300.000000 8.287292
130 0.000036 0.008305 400.000000 8.113590
130 0.000023 0.008976 500.000000 8.000000
130 0.000026 0.007697 600.000000 8.658009
130 0.000019 0.006143 700.000000 8.652658
130 0.000022 0.005005 800.000000 8.255934
140 0.000084 0.007373 100.000000 7.575758
140 0.000065 0.005253 200.000000 7.782101
140 0.000043 0.007219 300.000000 8.310249
140 0.000028 0.007654 400.000000 7.677543
140 0.000023 0.007382 500.000000 8.038586
140 0.000025 0.006069 600.000000 8.695652
140 0.000021 0.004718 700.000000 8.641975
140 0.000022 0.004317 800.000000 8.188332
150 0.000058 0.006692 100.000000 7.462687
150 0.000063 0.005310 200.000000 7.751938
150 0.000040 0.006273 300.000000 8.333333
150 0.000026 0.007620 400.000000 7.604563
150 0.000024 0.007068 500.000000 8.090615
150 0.000024 0.006146 600.000000 8.733624
150 0.000015 0.005047 700.000000 8.536586
150 0.000020 0.004647 800.000000 7.662835
160 0.000047 0.006818 100.000000 7.352941
160 0.000068 0.005278 200.000000 7.782101
160 0.000049 0.006110 300.000000 8.356546
160 0.000027 0.007752 400.000000 7.575758
160 0.000024 0.007365 500.000000 8.130081
160 0.000024 0.006450 600.000000 8.759124
160 0.000013 0.005493 700.000000 8.206330
170 0.000052 0.006970 100.000000 7.299270
170 0.000062 0.005071 200.000000 7.812500
170 0.000041 0.006087 300.000000 8.333333
170 0.000025 0.007383 400.000000 7.575758
170 0.000023 0.006630 500.000000 8.183306
170 0.000025 0.005553 600.000000 8.708273
170 0.000017 0.004774 700.000000 8.158508
180 0.000046 0.006888 100.000000 7.246377
180 0.000069 0.005178 200.000000 7.843137
180 0.000037 0.005390 300.000000 8.287292
180 0.000026 0.007008 400.000000 7.604563
180 0.000025 0.006513 500.000000 8.237232
180 0.000023 0.005698 600.000000 8.633094
180 0.000014 0.005014 700.000000 8.149011
190 0.000079 0.007704 100.000000 7.194244
190 0.000070 0.007043 200.000000 7.874016
190 0.000039 0.007079 300.000000 8.264462
190 0.000023 0.008182 400.000000 7.633588
190 0.000024 0.007297 500.000000 8.305648
190 0.000016 0.005956 600.000000 8.595988
190 0.000019 0.005017 700.000000 8.158508
200 0.000050 0.006738 100.000000 7.194244
200 0.000054 0.005825 200.000000 7.905138
200 0.000028 0.005271 300.000000 8.264462
200 0.000028 0.007245 400.000000 7.677543
200 0.000024 0.006847 500.000000 8.375210
200 0.000011 0.005891 600.000000 8.595988
200 0.000014 0.005094 700.000000 8.177570
210 0.000055 0.005233 100.000000 7.246377
210 0.000053 0.004399 200.000000 7.968128
210 0.000029 0.003759 300.000000 8.241758
210 0.000026 0.005916 400.000000 7.722008
210 0.000025 0.005791 500.000000 8.445946
210 0.000013 0.005059 600.000000 8.608321
210 0.000013 0.004864 700.000000 8.196721
220 0.000074 0.005796 100.000000 7.299270
220 0.000052 0.005066 200.000000 8.064516
220 0.000035 0.004753 300.000000 8.241758
220 0.000027 0.006919 400.000000 7.766990
220 0.000023 0.006572 500.000000 8.517887
220 0.000014 0.005526 600.000000 8.633094
220 0.000013 0.005024 700.000000 8.225616
230 0.000085 0.006277 100.000000 7.352941
230 0.000057 0.005630 200.000000 8.163265
230 0.000031 0.005449 300.000000 8.264462
230 0.000026 0.007785 400.000000 7.827789
230 0.000024 0.007318 500.000000 8.591065
230 0.000015 0.006186 600.000000 8.670520
230 0.000015 0.005440 700.000000 8.244994
240 0.000083 0.004966 100.000000 7.462687
240 0.000053 0.005222 200.000000 8.298756
240 0.000031 0.004997 300.000000 8.287292
240 0.000022 0.006716 400.000000 7.905138
240 0.000021 0.005950 500.000000 8.680555
240 0.000017 0.004821 600.000000 8.720930
240 0.000016 0.004461 700.000000 8.274232
250 0.000079 0.005757 100.000000 7.633588
250 0.000054 0.003715 200.000000 8.438819
250 0.000037 0.003661 300.000000 8.287292
250 0.000032 0.006044 400.000000 7.984032
250 0.000025 0.005825 500.000000 8.771930
250 0.000015 0.005108 600.000000 8.771930
250 0.000012 0.005151 700.000000 8.303678
260 0.000066 0.006565 100.000000 7.751938
260 0.000046 0.003764 200.000000 8.547009
260 0.000035 0.004192 300.000000 8.021390
260 0.000027 0.006131 400.000000 8.064516
260 0.000022 0.005804 500.000000 8.849558
260 0.000012 0.005055 600.000000 8.810573
260 0.000013 0.005163 700.000000 8.313540
270 0.000070 0.005689 100.000000 7.874016
270 0.000041 0.003715 200.000000 8.658009
270 0.000039 0.004398 300.000000 7.692307
270 0.000028 0.004746 400.000000 8.130081
270 0.000023 0.004222 500.000000 8.928572
270 0.000019 0.003782 600.000000 8.823529
270 0.000017 0.004428 700.000000 8.264462
280 0.000083 0.006316 100.000000 7.936508
280 0.000040 0.003293 200.000000 8.771930
280 0.000035 0.005342 300.000000 7.614213
280 0.000029 0.005042 400.000000 8.213552
280 0.000021 0.004538 500.000000 9.009009
280 0.000017 0.004095 600.000000 8.784773
280 0.000016 0.004578 700.000000 7.803791
290 0.000095 0.005984 100.000000 8.064516
290 0.000059 0.003657 200.000000 8.849558
290 0.000037 0.005494 300.000000 7.614213
290 0.000030 0.004918 400.000000 8.281573
290 0.000024 0.004325 500.000000 9.057971
290 0.000013 0.004345 600.000000 8.403361
300 0.000105 0.003021 100.000000 8.196721
300 0.000052 0.003945 200.000000 8.928572
300 0.000032 0.006443 300.000000 7.633588
300 0.000026 0.005861 400.000000 8.368201
300 0.000023 0.004894 500.000000 9.074410
300 0.000014 0.004705 600.000000 8.321775
310 0.000085 0.002810 100.000000 8.333333
310 0.000043 0.004140 200.000000 8.888889
310 0.000029 0.006000 300.000000 7.672634
310 0.000021 0.004995 400.000000 8.456659
310 0.000021 0.003812 500.000000 9.009009
310 0.000017 0.003892 600.000000 8.310249
320 0.000082 0.004451 100.000000 8.474576
320 0.000020 0.004758 200.000000 8.849558
320 0.000026 0.006017 300.000000 7.731959
320 0.000021 0.004585 400.000000 8.547009
320 0.000015 0.003242 500.000000 8.944544
320 0.000018 0.003081 600.000000 8.321775
330 0.000066 0.005150 100.000000 8.620689
330 0.000029 0.004580 200.000000 8.849558
330 0.000028 0.005305 300.000000 7.772021
330 0.000022 0.004054 400.000000 8.620689
330 0.000013 0.002560 500.000000 8.912656
330 0.000020 0.002870 600.000000 8.333333
340 0.000047 0.006464 100.000000 8.695652
340 0.000025 0.005510 200.000000 8.849558
340 0.000021 0.005651 300.000000 7.832898
340 0.000018 0.004173 400.000000 8.714597
340 0.000022 0.002178 500.000000 8.912656
340 0.000020 0.002098 600.000000 8.356546
350 0.000057 0.005079 100.000000 8.849558
350 0.000034 0.003730 200.000000 8.771930
350 0.000032 0.003893 300.000000 7.894737
350 0.000023 0.002946 400.000000 8.810573
350 0.000025 0.001831 500.000000 8.928572
350 0.000017 0.002873 600.000000 8.368201
360 0.000046 0.006331 100.000000 8.928572
360 0.000038 0.004419 200.000000 8.771930
360 0.000035 0.004455 300.000000 7.936508
360 0.000022 0.003331 400.000000 8.888889
360 0.000024 0.001904 500.000000 8.960573
360 0.000018 0.002548 600.000000 8.391608
370 0.000042 0.008241 100.000000 9.090909
370 0.000043 0.006076 200.000000 8.733624
370 0.000038 0.003947 300.000000 8.000000
370 0.000020 0.002545 400.000000 8.988764
370 0.000029 0.000905 500.000000 8.976661
370 0.000019 0.002148 600.000000 8.403361
380 0.000047 0.009670 100.000000 9.259259
380 0.000040 0.006577 200.000000 8.620689
380 0.000043 0.003990 300.000000 8.086253
380 0.000018 0.002850 400.000000 9.070294
380 0.000028 0.000981 500.000000 9.009009
380 0.000021 0.002215 600.000000 8.415147
390 0.000053 0.010975 100.000000 9.433962
390 0.000048 0.006423 200.000000 7.843137
390 0.000036 0.004572 300.000000 8.152174
390 0.000020 0.003250 400.000000 9.174312
390 0.000025 0.001626 500.000000 9.025270
390 0.000019 0.002777 600.000000 8.379889
400 0.000040 0.012568 100.000000 9.615385
400 0.000055 0.008034 200.000000 7.462687
400 0.000035 0.004598 300.000000 8.241758
400 0.000019 0.003313 400.000000 9.237875
400 0.000030 0.000751 500.000000 9.009009
400 0.000022 0.001886 600.000000 8.241758
410 0.000028 0.014664 100.000000 9.708738
410 0.000045 0.010229 200.000000 7.380074
410 0.000030 0.005928 300.000000 8.310249
410 0.000013 0.004367 400.000000 9.302325
410 0.000027 0.001141 500.000000 8.650519
420 0.000033 0.010782 100.000000 9.615385
420 0.000052 0.008716 200.000000 7.352941
420 0.000029 0.004933 300.000000 8.379889
420 0.000013 0.003675 400.000000 9.280743
420 0.000029 0.000120 500.000000 8.319468
430 0.000013 0.008388 100.000000 9.345795
430 0.000053 0.007310 200.000000 7.352941
430 0.000026 0.003807 300.000000 8.474576
430 0.000006 0.002774 400.000000 9.132421
430 0.000030 0.001056 500.000000 8.278146
440 0.000040 0.008731 100.000000 9.090909
440 0.000049 0.006906 200.000000 7.380074
440 0.000024 0.003775 300.000000 8.547009
440 0.000023 0.002841 400.000000 9.009009
440 0.000030 0.001391 500.000000 8.264462
450 0.000057 0.007148 100.000000 8.928572
450 0.000053 0.005168 200.000000 7.407407
450 0.000028 0.002781 300.000000 8.645534
450 0.000032 0.001411 400.000000 8.948545
450 0.000029 0.002331 500.000000 8.264462
460 0.000064 0.006836 100.000000 8.695652
460 0.000051 0.004321 200.000000 7.434944
460 0.000031 0.002335 300.000000 8.746356
460 0.000043 0.001450 400.000000 8.928572
460 0.000028 0.002912 500.000000 8.264462
470 0.000074 0.006928 100.000000 8.474576
470 0.000057 0.004339 200.000000 7.462687
470 0.000027 0.002205 300.000000 8.823529
470 0.000041 0.000729 400.000000 8.928572
470 0.000029 0.003155 500.000000 8.264462
480 0.000066 0.007719 100.000000 8.196721
480 0.000051 0.004695 200.000000 7.518797
480 0.000020 0.002836 300.000000 8.928572
480 0.000045 0.000925 400.000000 8.928572
480 0.000030 0.002950 500.000000 8.250825
490 0.000061 0.006253 100.000000 7.575758
490 0.000052 0.004380 200.000000 7.575758
490 0.000021 0.002294 300.000000 9.009009
490 0.000041 0.000693 400.000000 8.908686
490 0.000031 0.003927 500.000000 8.223684
500 0.000096 0.007319 100.000000 6.172840
500 0.000043 0.004789 200.000000 7.633588
500 0.000016 0.002473 300.000000 9.090909
500 0.000041 0.001309 400.000000 8.869180
500 0.000034 0.003850 500.000000 8.077544
510 0.000085 0.009650 100.000000 5.917160
510 0.000039 0.004911 200.000000 7.692307
510 0.000012 0.002904 300.000000 9.146341
510 0.000039 0.001546 400.000000 8.547009
520 0.000090 0.009815 100.000000 5.882353
520 0.000036 0.004554 200.000000 7.812500
520 0.000012 0.002793 300.000000 9.146341
520 0.000039 0.001939 400.000000 8.048289
530 0.000092 0.009493 100.000000 5.952381
530 0.000035 0.003994 200.000000 7.968128
530 0.000016 0.001946 300.000000 9.090909
530 0.000039 0.003079 400.000000 8.016032
540 0.000089 0.010252 100.000000 6.060606
540 0.000029 0.004251 200.000000 8.130081
540 0.000026 0.001440 300.000000 8.982036
540 0.000037 0.003563 400.000000 8.032128
550 0.000067 0.010997 100.000000 6.134969
550 0.000026 0.005727 200.000000 8.298756
550 0.000029 0.002321 300.000000 8.928572
550 0.000032 0.004304 400.000000 8.064516
560 0.000067 0.011557 100.000000 6.250000
560 0.000023 0.006299 200.000000 8.438819
560 0.000043 0.002606 300.000000 8.928572
560 0.000038 0.004065 400.000000 8.080808
570 0.000028 0.011927 100.000000 6.410256
570 0.000019 0.006924 200.000000 8.658009
570 0.000053 0.002853 300.000000 8.955224
570 0.000042 0.004648 400.000000 8.130081
580 0.000042 0.013224 100.000000 6.535948
580 0.000014 0.008026 200.000000 8.849558
580 0.000054 0.003901 300.000000 9.009009
580 0.000043 0.004714 400.000000 8.163265
590 0.000052 0.013842 100.000000 6.666667
590 0.000017 0.008324 200.000000 9.049774
590 0.000051 0.004748 300.000000 9.063444
590 0.000039 0.005258 400.000000 8.196721
600 0.000043 0.012704 100.000000 6.849315
600 0.000017 0.006916 200.000000 9.259259
600 0.000059 0.003424 300.000000 9.146341
600 0.000045 0.005335 400.000000 8.230453
610 0.000063 0.011723 100.000000 7.092198
610 0.000014 0.006140 200.000000 9.523809
610 0.000059 0.003154 300.000000 9.259259
610 0.000046 0.005151 400.000000 8.281573
620 0.000043 0.012500 100.000000 7.462687
620 0.000019 0.006914 200.000000 9.852217
620 0.000056 0.003546 300.000000 9.404388
620 0.000047 0.005467 400.000000 8.368201
630 0.000057 0.011411 100.000000 7.936508
630 0.000004 0.006026 200.000000 10.256411
630 0.000053 0.003205 300.000000 9.646302
630 0.000045 0.004927 400.000000 8.492569
640 0.000044 0.011760 100.000000 8.547009
640 0.000014 0.006840 200.000000 10.752688
640 0.000056 0.003634 300.000000 9.900990
640 0.000047 0.004896 400.000000 8.620689
650 0.000022 0.013690 100.000000 9.174312
650 0.000035 0.008963 200.000000 11.235955
650 0.000055 0.004560 300.000000 10.135135
650 0.000050 0.005281 400.000000 8.714597
660 0.000015 0.012347 100.000000 9.803922
660 0.000036 0.008032 200.000000 11.764706
660 0.000059 0.004103 300.000000 10.344828
660 0.000051 0.005919 400.000000 8.733624
670 0.000015 0.008180 100.000000 10.416667
670 0.000033 0.005310 200.000000 12.195122
670 0.000059 0.002816 300.000000 10.380623
670 0.000053 0.005960 400.000000 8.492569
680 0.000012 0.007923 100.000000 10.989011
680 0.000028 0.004511 200.000000 12.500000
680 0.000053 0.003658 300.000000 9.677420
690 0.000023 0.007863 100.000000 11.494253
690 0.000031 0.004540 200.000000 12.578616
690 0.000055 0.004727 300.000000 9.090909
700 0.000034 0.008691 100.000000 11.904762
700 0.000069 0.005036 200.000000 12.048193
700 0.000057 0.005400 300.000000 9.009009
710 0.000038 0.007299 100.000000 12.345679
710 0.000071 0.003270 200.000000 11.494253
710 0.000059 0.005999 300.000000 8.955224
720 0.000044 0.005914 100.000000 12.820513
720 0.000084 0.001778 200.000000 11.235955
720 0.000069 0.006935 300.000000 8.902077
730 0.000031 0.005136 100.000000 13.333333
730 0.000075 0.002139 200.000000 11.049724
730 0.000062 0.007162 300.000000 8.875740
740 0.000060 0.006282 100.000000 13.698630
740 0.000084 0.002710 200.000000 10.928962
740 0.000061 0.007898 300.000000 8.823529
750 0.000076 0.006352 100.000000 14.084507
750 0.000086 0.002674 200.000000 10.810811
750 0.000069 0.008864 300.000000 8.746356
760 0.000064 0.005016 100.000000 14.285714
760 0.000087 0.004105 200.000000 10.582010
760 0.000071 0.009561 300.000000 8.426967
770 0.000047 0.003644 100.000000 14.084507
770 0.000083 0.005647 200.000000 8.928572
780 0.000098 0.004071 100.000000 12.500000
780 0.000088 0.007849 200.000000 8.032128
790 0.000130 0.002994 100.000000 10.416667
790 0.000086 0.009055 200.000000 7.812500
800 0.000174 0.004560 100.000000 9.523809
800 0.000098 0.011580 200.000000 7.633588
810 0.000187 0.004913 100.000000 9.009009
810 0.000093 0.012135 200.000000 7.462687
820 0.000167 0.006975 100.000000 8.620689
820 0.000086 0.012138 200.000000 7.272727
830 0.000180 0.011190 100.000000 8.130081
830 0.000093 0.012998 200.000000 6.825939
840 0.000174 0.013525 100.000000 6.211180
850 0.000174 0.017458 100.000000 5.813953
860 0.000162 0.017759 100.000000 5.882353
870 0.000105 0.012117 100.000000 6.024096
880 0.000075 0.010090 100.000000 6.134969
890 0.000050 0.008012 100.000000 6.211180
900 0.000059 0.008089 100.000000 6.289308
910 0.000082 0.009535 100.000000 6.329114
920 0.000078 0.010860 100.000000 6.329114
930 0.000074 0.010985 100.000000 6.289308
940 0.000079 0.010562 100.000000 6.172840
950 0.000083 0.009501 100.000000 5.882353
960 0.000094 0.008892 100.000000 5.128205
970 0.000087 0.007384 100.000000 4.405286
