0.000000 -0.000000 0.000000 0.000000
0.003267 4.566315 -0.027615 4.555651
-0.031716 9.099118 -0.072042 9.058502
-0.081952 13.587370 -0.146718 13.523299
-0.172757 18.042800 -0.244700 17.952904
-0.267875 22.451640 -0.340590 22.370108
-0.358400 26.802010 -0.431537 26.703077
-0.442803 31.082040 -0.530898 30.976732
-0.523018 35.271990 -0.621063 35.208862
-0.611006 39.330190 -0.699212 39.260387
-0.673187 43.239550 -0.746830 43.200340
-0.695957 46.977480 -0.785226 46.929405
-0.690361 50.605530 -0.760437 50.563023
-0.609462 54.132960 -0.657198 54.097870
-0.411112 57.531050 -0.439341 57.454113
-0.030280 60.807340 -0.048354 60.740452
0.568852 63.940690 0.549064 63.843925
1.400581 66.903860 1.377182 66.818420
2.445156 69.702430 2.399195 69.627014
3.697183 72.300100 3.654051 72.228477
5.171922 74.740420 5.128906 74.686310
6.852965 76.941870 6.831680 76.933304
8.750799 78.905900 8.753593 78.941032
10.823450 80.634320 10.842056 80.695724
13.066210 82.178440 13.106365 82.233681
15.504950 83.526400 15.604362 83.553589
18.101340 84.588810 18.245445 84.591393
20.853170 85.339470 21.045500 85.342682
23.704110 85.757740 23.927296 85.758499
26.596700 85.903500 26.891418 85.908913
29.539120 85.860020 29.901403 85.855591
32.495530 85.669740 32.892944 85.674568
35.473920 85.419290 35.893364 85.426163
38.479390 85.150930 38.911003 85.156151
41.523140 84.840110 41.926376 84.885017
44.591610 84.512730 44.992466 84.577011
47.698590 84.159740 48.087250 84.253006
50.851300 83.780360 51.226414 83.903923
54.021280 83.370120 54.360207 83.537590
57.236480 82.963200 57.522964 83.164719
60.484150 82.564450 60.751137 82.791801
63.801630 82.126570 64.009415 82.388847
67.115350 81.671290 67.300613 81.968681
70.485000 81.248710 70.607887 81.571686
73.889090 80.831410 73.976837 81.175148
77.339480 80.402860 77.389145 80.804817
80.814430 79.981940 80.856888 80.405937
84.311560 79.560560 84.420227 80.009033
87.843140 79.132970 87.981308 79.620590
91.452740 78.712050 91.579437 79.202309
95.109110 78.302620 95.225410 78.844398
98.802080 77.939830 98.929527 78.496178
102.537600 77.577720 102.648224 78.131500
106.283100 77.182590 106.419197 77.756500
110.001900 76.763780 110.177673 77.337715
113.690700 76.253080 113.884308 76.841034
117.341000 75.581300 117.536499 76.218613
120.903700 74.751300 121.072830 75.437614
124.437500 73.785660 124.576797 74.522072
127.882800 72.651860 128.005829 73.429916
131.253600 71.361680 131.371231 72.185059
134.528800 69.931300 134.654465 70.800552
137.742000 68.328450 137.869797 69.227356
140.926800 66.546730 141.069611 67.477722
144.031200 64.574810 144.185822 65.529274
147.051200 62.406270 147.223602 63.375530
149.969500 60.049300 150.181091 61.031448
152.781800 57.504160 153.022049 58.511143
155.436800 54.746640 155.741638 55.737835
157.947400 51.752940 158.239029 52.763268
160.279800 48.634580 160.495499 49.629139
162.349000 45.353340 162.519699 46.305969
164.179800 41.946720 164.349762 42.903095
165.830900 38.447790 166.007355 39.431267
167.335400 34.861970 167.543854 35.812084
168.691200 31.242820 168.889923 32.261520
169.969500 27.582240 170.245575 28.633579
171.127300 23.900190 171.548569 25.054457
172.263200 20.221330 172.804657 21.411617
173.377000 16.599090 174.079208 17.794258
174.627000 13.004350 175.394089 14.254135
175.942500 9.442182 176.763443 10.761574
177.356800 5.917093 178.216751 7.321548
178.928800 2.434985 179.822723 3.882439
180.675800 -0.971876 181.557220 0.520081
182.554400 -4.252484 183.417297 -2.674469
184.560700 -7.384682 185.435425 -5.724136
186.750900 -10.368790 187.615204 -8.625801
189.116500 -13.135630 189.970978 -11.330612
191.665700 -15.656880 192.506439 -13.800362
194.385900 -17.931220 195.213638 -16.022354
197.226100 -19.980800 198.097107 -18.030266
200.271800 -21.743030 201.150909 -19.760559
203.448300 -23.203180 204.364807 -21.217419
206.758900 -24.325190 207.718231 -22.304630
210.184300 -25.068170 211.157883 -23.025364
213.630700 -25.424490 214.610168 -23.365269
217.117000 -25.407460 218.043335 -23.327888
220.571900 -25.039820 221.515442 -22.977278
224.021200 -24.363710 224.900833 -22.293964
227.429900 -23.372920 228.289154 -21.286545
230.747500 -22.058700 231.571777 -19.975082
233.928400 -20.443850 234.715942 -18.359039
237.019600 -18.526770 237.728149 -16.441124
239.961000 -16.355940 240.603470 -14.261543
242.779800 -13.984550 243.365555 -11.866676
245.458500 -11.414060 245.984528 -9.313934
247.997000 -8.674394 248.458801 -6.565453
250.390600 -5.759310 250.791412 -3.637054
252.655600 -2.686673 253.015839 -0.553741
254.806500 0.534019 255.139343 2.669525
256.864000 3.862410 257.172058 6.020714
258.884400 7.263272 259.164795 9.424156
260.877600 10.718320 261.136108 12.889648
262.828700 14.222610 263.063904 16.400452
264.741600 17.745920 264.957001 19.929291
266.637600 21.266150 266.821045 23.451012
268.527700 24.786100 268.673584 26.965370
270.375000 28.334210 270.554138 30.498131
272.219500 31.917810 272.445587 34.060890
274.124700 35.502240 274.358459 37.677589
276.050500 39.060050 276.256836 41.304489
277.989700 42.665330 278.168549 44.920410
279.912600 46.301830 280.091278 48.584038
281.775800 49.949900 281.982239 52.206421
283.563100 53.532720 283.845917 55.809250
285.356500 57.056770 285.629333 59.381737
287.075600 60.536460 287.369385 62.893517
288.712000 63.954910 289.027771 66.348785
290.293900 67.289100 290.652039 69.739540
291.871100 70.559820 292.267151 73.060425
293.538100 73.753600 293.965698 76.288704
295.351100 76.864560 295.791412 79.426193
297.261700 79.892800 297.756592 82.457794
299.367900 82.771990 299.891235 85.357002
301.654700 85.444430 302.218201 88.055733
304.129900 87.873730 304.735077 90.523911
306.795800 90.009740 307.423889 92.681320
309.610300 91.815310 310.278107 94.521797
312.540600 93.287990 313.268707 96.027107
315.589700 94.424870 316.322449 97.177650
318.731100 95.231100 319.518402 98.003731
321.947000 95.719040 322.749023 98.504990
325.202000 95.875140 326.010284 98.653664
328.404100 95.672520 329.238129 98.438248
331.635400 95.086030 332.390442 97.857727
334.756200 94.171900 335.485901 96.955345
337.636900 92.963350 338.428345 95.728981
340.363200 91.461070 341.254578 94.138405
342.964100 89.692180 343.978912 92.205994
345.403300 87.579170 346.459290 89.941864
347.592200 85.092570 348.698761 87.388031
349.463400 82.321490 350.602234 84.590576
351.002500 79.397790 352.178497 81.623085
352.204000 76.402830 353.414856 78.528366
353.107800 73.306490 354.353516 75.360252
353.811200 70.096650 355.099945 72.134232
354.464700 66.889050 355.780457 68.895561
355.047400 63.664610 356.339935 65.673836
355.500500 60.449100 356.833923 62.434952
355.866900 57.296080 357.243042 59.262825
356.198500 54.208160 357.623169 56.174591
356.525800 51.221050 358.007721 53.170803
356.961300 48.369400 358.471771 50.348816
357.538900 45.752540 359.058929 47.752155
358.275300 43.388830 359.786530 45.392937
359.266800 41.238890 360.774597 43.277679
360.571800 39.373830 362.068298 41.472321
362.156300 37.835540 363.578613 39.968018
363.974400 36.638300 365.373474 38.771744
366.080400 35.761110 367.439087 37.902855
368.547300 35.234490 369.796082 37.389820
371.148400 35.045060 372.279083 37.238136
373.899500 35.175270 374.990997 37.375504
376.698100 35.611110 377.736847 37.843243
379.470900 36.322790 380.511230 38.556595
382.212100 37.294470 383.270996 39.523186
384.867700 38.517990 385.911163 40.762222
387.364100 39.991850 388.393555 42.242966
389.701500 41.780710 390.741791 44.057648
391.802700 43.839190 392.834106 46.109955
393.689400 46.099010 394.724274 48.384628
395.383900 48.474340 396.442413 50.768173
396.942200 50.928340 398.008606 53.235275
398.325500 53.450140 399.412292 55.775879
399.544900 56.052550 400.631958 58.374954
400.579700 58.728940 401.683990 61.044815
401.390700 61.486590 402.532104 63.823349
401.978000 64.333130 403.134155 66.674713
402.335300 67.250270 403.508270 69.610504
402.474600 70.259740 403.636749 72.643845
402.447300 73.356030 403.590057 75.759415
402.341800 76.540880 403.448792 78.944527
402.228800 79.805450 403.274841 82.196686
402.075400 83.156280 403.047852 85.558319
401.927800 86.597120 402.791931 89.015640
401.721900 90.113350 402.495453 92.522926
401.455800 93.737450 402.180450 96.123535
401.169200 97.438860 401.837982 99.816597
400.835400 101.196700 401.446716 103.578178
400.479100 104.981000 401.060913 107.347969
400.086700 108.745200 400.631470 111.126923
399.638200 112.493800 400.146667 114.857605
399.138700 116.226700 399.631744 118.590897
398.603300 119.924700 399.058167 122.295273
398.025400 123.612000 398.463104 125.976761
397.409200 127.314800 397.842316 129.683411
396.829000 131.013100 397.271210 133.331909
396.222300 134.687900 396.656982 136.976547
395.601900 138.281700 396.054169 140.633026
395.033400 141.881600 395.505005 144.311157
394.483600 145.487500 394.938690 147.932312
393.961300 149.091800 394.418701 151.629730
393.456700 152.724500 393.900055 155.280426
392.964400 156.362200 393.390747 158.963959
392.473900 160.012200 392.863403 162.654831
391.988000 163.681600 392.341278 166.363846
391.511200 167.360500 391.818817 170.075378
391.037700 171.040400 391.318604 173.784653
390.574400 174.743200 390.827637 177.491623
390.110100 178.440800 390.315186 181.235062
389.662900 182.147700 389.837616 184.957199
389.244100 185.891700 389.411072 188.721649
388.894800 189.677500 389.063141 192.495605
388.606000 193.461200 388.765259 196.286819
388.392800 197.250000 388.540100 200.056030
388.242200 201.058600 388.360931 203.851318
388.167200 204.843700 388.262726 207.643921
388.164900 208.656700 388.222443 211.467239
388.225800 212.467100 388.251160 215.283173
388.337900 216.277100 388.342316 219.099121
388.518500 220.100100 388.478241 222.955429
388.781300 223.924000 388.697205 226.819321
389.110400 227.762200 388.989471 230.677887
389.519500 231.600300 389.357697 234.556229
390.000700 235.455300 389.786011 238.451584
390.533100 239.323100 390.274170 242.333893
391.126500 243.191800 390.841156 246.240829
391.817200 247.082900 391.501343 250.155212
392.446500 250.991000 392.226349 254.067169
393.192700 254.933200 393.063965 257.997498
394.129800 258.841200 394.018494 261.903076
395.212400 262.725700 395.079315 265.834198
396.381300 266.559900 396.191345 269.685760
397.591700 270.309200 397.360474 273.478546
398.915600 273.988100 398.595398 277.205078
400.261600 277.620100 399.875305 280.872528
401.674900 281.230100 401.198761 284.514526
403.099300 284.836200 402.556824 288.148315
404.552600 288.368900 403.920593 291.682922
405.981400 291.858600 405.272888 295.227203
407.396700 295.286300 406.635956 298.711304
408.787500 298.654400 407.969116 302.125305
410.160300 301.970700 409.279480 305.475586
411.532700 305.248600 410.608521 308.804382
412.910200 308.514300 411.928467 312.073547
414.286500 311.815200 413.252106 315.384216
415.632400 315.158100 414.589142 318.772827
416.955300 318.554600 415.978577 322.160828
418.356500 321.950200 417.463928 325.555847
419.919100 325.360500 419.084595 328.976410
421.619500 328.772700 420.791504 332.410309
423.465300 332.205100 422.648315 335.874390
425.389400 335.648500 424.572632 339.349487
427.393700 339.062100 426.577728 342.793884
429.441400 342.427400 428.620728 346.211395
431.502800 345.736000 430.669586 349.560364
433.555500 349.037600 432.717468 352.869965
435.647400 352.345100 434.789001 356.215271
437.737700 355.673900 436.857544 359.574310
439.858900 359.019800 438.970551 362.970917
441.938400 362.354800 441.037109 366.321381
444.011500 365.707600 443.132141 369.708191
446.074200 369.043000 445.188110 373.051208
448.108100 372.393000 447.197174 376.352356
450.106200 375.748500 449.209656 379.689606
452.077600 379.076100 451.265442 383.047363
454.072700 382.382200 453.349457 386.389587
456.149900 385.671800 455.441223 389.704651
458.224600 388.968400 457.558502 393.024200
460.351800 392.205600 459.678711 396.284485
462.503100 395.388100 461.814209 399.492157
464.568500 398.419600 463.892944 402.542236
466.632000 401.347200 465.960388 405.470184
468.654400 404.221700 467.968292 408.384796
470.657600 407.038900 469.967010 411.213745
472.677800 409.783700 471.933685 414.002899
474.657200 412.487100 473.891632 416.729858
476.592600 415.139500 475.819916 419.404968
478.496300 417.710700 477.677734 421.978760
480.372100 420.213300 479.525208 424.515320
482.195400 422.602900 481.339508 426.930084
483.955500 424.843700 483.091064 429.205505
485.628500 426.923600 484.752808 431.297577
487.190800 428.865800 486.293579 433.253296
488.699400 430.731200 487.803772 435.131165
490.108000 432.491800 489.180420 436.900940
491.375400 434.138900 490.424927 438.555115
492.521700 435.661300 491.544342 440.076416
493.585300 437.088500 492.610474 441.507782
494.601900 438.498800 493.619232 442.917542
495.493900 439.942600 494.495667 444.345764
496.198400 441.455900 495.183838 445.801178
496.643000 443.038900 495.653351 447.312866
496.894900 444.688300 495.919128 448.940979
496.838300 446.434300 495.914551 450.702911
496.587000 448.236400 495.674866 452.500427
496.020500 450.035800 495.115784 454.335571
495.316800 451.880800 494.374451 456.128387
494.382600 453.714700 493.409973 457.929749
493.357500 455.591800 492.359741 459.778961
492.259600 457.525200 491.256592 461.698151
491.138900 459.531700 490.091309 463.692139
489.968800 461.583000 488.887543 465.760376
488.778600 463.722100 487.643799 467.884644
487.527700 465.987400 486.345520 470.129547
486.241900 468.332900 485.023590 472.458252
484.929200 470.750300 483.651215 474.812164
483.595100 473.196800 482.221008 477.232819
482.240900 475.680400 480.793365 479.698853
480.881200 478.179700 479.362701 482.178253
479.506700 480.715200 477.913971 484.700043
478.139700 483.249600 476.464569 487.185913
476.741800 485.776600 474.986877 489.700592
475.327000 488.358200 473.518890 492.250854
473.905700 490.923000 472.035950 494.780090
472.463600 493.499100 470.538208 497.320251
471.030900 496.048700 469.055237 499.828278
469.654400 498.493900 467.635590 502.216644
468.311000 500.883700 466.240112 504.589111
467.003300 503.201000 464.886841 506.845856
465.767600 505.385700 463.613037 509.007416
464.618000 507.421200 462.425842 511.021423
463.563200 509.303500 461.333710 512.853882
462.581700 511.077100 460.312958 514.613281
461.620900 512.827500 459.317017 516.342896
460.698800 514.516100 458.357483 518.010681
459.825600 516.111800 457.446777 519.578491
459.035800 517.582500 456.614655 521.039001
458.312900 518.912300 455.863617 522.331848
457.589200 520.176600 455.100952 523.584229
456.756600 521.359000 454.265717 524.737305
455.798000 522.446500 453.293396 525.777405
454.695200 523.354600 452.232544 526.648254
453.456700 523.963300 451.052185 527.304565
452.010000 524.448000 449.609375 527.788208
450.370300 524.664900 448.031769 528.043335
448.645800 524.629300 446.279083 527.997742
446.853700 524.242200 444.490540 527.577393
445.001300 523.578900 442.652649 526.889282
443.053700 522.715000 440.768982 525.968201
441.070200 521.621600 438.835693 524.832520
439.068600 520.385000 436.871429 523.546570
437.067600 519.079900 434.923523 522.205627
435.131900 517.711100 432.989624 520.778625
433.248700 516.276400 431.161163 519.302307
431.409100 514.772600 429.343170 517.754028
429.653800 513.188400 427.637421 516.145630
427.979000 511.552500 425.969543 514.477844
426.376200 509.872800 424.380676 512.772766
424.896200 508.159600 422.891327 511.023987
423.477300 506.386900 421.485138 509.224884
422.151700 504.603800 420.152710 507.414429
420.895300 502.757100 418.894012 505.529419
419.698800 500.847600 417.677765 503.584930
418.553100 498.879100 416.538605 501.585358
417.436100 496.852200 415.404297 499.529572
416.341100 494.769800 414.314178 497.400330
415.299400 492.613200 413.256409 495.220581
414.283100 490.400400 412.218384 492.984894
413.291100 488.174100 411.221619 490.736267
412.307400 485.928500 410.232666 488.453247
411.321100 483.659600 409.267944 486.168304
410.385800 481.369500 408.327637 483.850494
409.484300 479.070200 407.432068 481.527161
408.605900 476.771200 406.579834 479.206635
407.747600 474.482200 405.757629 476.884613
406.916200 472.194500 404.952454 474.570984
406.106200 469.923800 404.167542 472.283478
405.321800 467.714100 403.420166 470.070160
404.581200 465.613200 402.717834 467.957214
403.881000 463.647100 402.043030 465.982971
403.196100 461.842900 401.402161 464.148102
402.563700 460.074300 400.765472 462.372925
401.946900 458.305600 400.139832 460.603607
401.296600 456.548600 399.488342 458.839081
400.651300 454.770400 398.832733 457.050629
399.996700 452.984700 398.165161 455.253998
399.329600 451.125900 397.511902 453.411438
398.618400 449.218000 396.785461 451.491333
397.822000 447.249700 396.034912 449.530273
396.969800 445.208000 395.215424 447.498535
396.116100 443.116600 394.372986 445.415375
395.211200 440.967800 393.485748 443.275696
394.287700 438.749400 392.560852 441.085754
393.341900 436.497700 391.618286 438.874908
392.358600 434.221800 390.675720 436.604248
391.343800 431.907700 389.687378 434.311218
390.285600 429.531900 388.652863 431.944244
389.177900 427.104300 387.565765 429.534546
388.002000 424.633000 386.426758 427.091736
386.786000 422.153600 385.239319 424.626038
385.529200 419.645500 384.025696 422.145264
384.252800 417.122900 382.760803 419.634644
382.927300 414.575600 381.475830 417.090454
381.591500 412.030100 380.153198 414.537933
380.224100 409.463100 378.813293 411.973267
378.830100 406.889400 377.429321 409.398499
377.404400 404.303400 376.031647 406.825043
375.940700 401.722300 374.598267 404.232635
374.431300 399.137000 373.106750 401.627930
372.878200 396.550200 371.573517 399.023132
371.286300 393.960100 370.003052 396.416138
369.662600 391.367800 368.405762 393.812927
368.012000 388.798400 366.759918 391.202789
366.357200 386.258300 365.099762 388.620789
364.686300 383.683500 363.416748 386.002167
362.990500 381.103100 361.709442 383.363739
361.274100 378.545400 359.990631 380.763855
359.479500 376.079600 358.286377 378.273224
357.743100 373.713700 356.612366 375.885956
356.046500 371.424400 354.957123 373.579163
354.349500 369.168400 353.282471 371.280273
352.662900 366.944000 351.647247 369.035126
351.018900 364.780500 350.003693 366.821503
349.445300 362.679200 348.446716 364.675323
347.970100 360.669800 346.977478 362.640198
346.587900 358.760700 345.584686 360.708679
345.269200 357.004900 344.263641 358.934113
343.987600 355.420000 342.983887 357.304779
342.722300 353.942300 341.730164 355.827637
341.428400 352.599100 340.439545 354.484467
340.132200 351.423100 339.142822 353.329742
338.769300 350.441200 337.787750 352.339294
337.341700 349.681300 336.355225 351.562561
335.777200 349.128400 334.814453 351.040344
334.132400 348.908200 333.176178 350.776978
332.452400 349.031300 331.482849 350.862640
330.797800 349.428100 329.817261 351.224152
329.211100 350.167300 328.223145 351.933899
327.641800 351.098300 326.659607 352.867157
326.094800 352.236000 325.127960 353.996216
324.512700 353.489700 323.540741 355.236542
322.875800 354.863500 321.863739 356.608521
321.135500 356.302000 320.092010 358.021240
319.250000 357.710100 318.185333 359.383789
317.242300 359.002400 316.163269 360.635101
315.093800 360.160000 313.994263 361.760040
312.852600 361.167400 311.758057 362.711670
310.509200 362.008200 309.407532 363.488312
308.069100 362.662200 307.028442 364.074493
305.560600 363.146700 304.488708 364.523438
302.953900 363.438100 301.924194 364.774017
300.313300 363.558500 299.272064 364.868530
297.631800 363.522600 296.591705 364.782532
294.885100 363.381000 293.841705 364.626740
292.104200 363.172300 291.042511 364.402802
289.300900 362.939000 288.227417 364.134949
286.491000 362.678500 285.418365 363.814148
283.693500 362.370200 282.609924 363.457397
280.920600 362.098000 279.855225 363.137451
278.169000 361.857400 277.081696 362.834717
275.446800 361.657400 274.376282 362.581726
272.737000 361.519800 271.656189 362.398132
270.035600 361.455000 268.926758 362.290497
267.327700 361.497700 266.204254 362.293732
264.630400 361.676000 263.476593 362.438721
261.940300 361.979900 260.792786 362.691895
259.250900 362.413000 258.079041 363.075012
256.573600 362.959900 255.379257 363.580872
253.917300 363.655300 252.709244 364.215759
251.288400 364.497000 250.068604 365.002197
248.680300 365.504900 247.414185 365.961670
246.094700 366.666900 244.815338 367.089600
243.562600 367.994000 242.252258 368.395233
241.083300 369.508300 239.767776 369.874908
238.697300 371.174900 237.369873 371.497070
236.432200 372.983900 235.100784 373.281494
234.282400 374.915600 232.934433 375.184052
232.221400 376.965100 230.864532 377.202332
230.283900 379.136000 228.926300 379.338074
228.445400 381.408600 227.103638 381.579193
226.762700 383.789500 225.420532 383.920929
225.240300 386.284200 223.885345 386.389832
223.870500 388.875300 222.489594 388.980164
222.651800 391.576800 221.250580 391.666168
221.610300 394.407600 220.160049 394.499512
220.731600 397.346700 219.241287 397.437683
220.036100 400.374900 218.496887 400.478027
219.492700 403.546000 217.930191 403.676941
219.131100 406.829700 217.547745 406.964630
218.954900 410.176200 217.319229 410.321472
218.961000 413.566100 217.300369 413.715515
219.145900 416.967900 217.463501 417.137695
219.451900 420.389700 217.739929 420.560089
219.829800 423.806600 218.088715 423.975037
220.310500 427.237200 218.534729 427.410339
220.868900 430.684800 219.049011 430.843506
221.441400 434.161900 219.570389 434.325195
222.038500 437.663400 220.115982 437.809692
222.674200 441.192400 220.681061 441.342010
223.324700 444.766400 221.245087 444.913391
223.976800 448.390400 221.806244 448.485291
224.645100 452.052600 222.392303 452.113281
225.326300 455.738000 222.990707 455.765686
226.013500 459.438200 223.601593 459.421936
226.742700 463.131400 224.256256 463.093506
227.489100 466.830800 224.928345 466.750488
228.247700 470.527000 225.615784 470.435089
229.012100 474.215100 226.307831 474.119202
229.762000 477.897100 227.012482 477.771027
230.499300 481.567900 227.688751 481.430573
231.252900 485.238400 228.379684 485.103607
232.010300 488.886300 229.068176 488.753418
232.763300 492.531800 229.758148 492.382416
233.545900 496.169700 230.461578 496.011505
234.328200 499.811600 231.164291 499.636658
235.108100 503.420000 231.874847 503.241486
235.907500 507.019800 232.606842 506.827942
236.703700 510.603300 233.332581 510.418823
237.481000 514.162500 234.037170 513.963318
238.249000 517.704200 234.730530 517.505676
239.014400 521.230500 235.426270 520.998230
239.746800 524.741600 236.084366 524.499390
240.436600 528.231300 236.720123 527.988892
241.102000 531.689500 237.329895 531.450867
241.740900 535.133300 237.935028 534.895813
242.359400 538.550300 238.518234 538.290649
242.993900 541.935900 239.104706 541.658936
243.655500 545.295800 239.727631 545.027832
244.307800 548.630700 240.370789 548.358398
244.986700 551.924500 241.034454 551.646362
245.686600 555.189800 241.720001 554.893921
246.402300 558.403000 242.418869 558.111816
247.160300 561.604000 243.161774 561.318848
247.954300 564.747800 243.927460 564.471191
248.799800 567.843200 244.757309 567.547852
249.719700 570.881500 245.647217 570.595581
250.691800 573.875500 246.595810 573.594788
251.722500 576.816900 247.603973 576.538696
252.792400 579.719200 248.645020 579.462585
253.899200 582.619100 249.709320 582.366150
254.999400 585.538800 250.756653 585.272827
256.084000 588.464600 251.781067 588.214539
257.132200 591.413100 252.763214 591.148682
258.142200 594.337700 253.731323 594.074829
259.143500 597.295100 254.670792 597.025452
260.132300 600.227900 255.608063 599.954712
261.124300 603.146400 256.558899 602.869141
262.175000 606.016800 257.563599 605.744202
263.321800 608.844200 258.668976 608.566711
264.592700 611.600700 259.906738 611.304382
266.012800 614.279900 261.291809 613.998413
267.588100 616.881700 262.832916 616.607910
269.323800 619.428300 264.540100 619.194092
271.210100 621.881800 266.404236 621.679626
273.238300 624.254900 268.381744 624.066162
275.373300 626.509900 270.487793 626.342957
277.623300 628.637000 272.694916 628.523010
279.976600 630.608900 275.025604 630.534424
282.453700 632.438800 277.463806 632.413818
285.065600 634.108700 280.059998 634.125000
287.781800 635.684200 282.746887 635.734497
290.614800 637.170400 285.545227 637.248718
293.572000 638.551300 288.470398 638.671570
296.640000 639.897800 291.506714 640.061279
299.815900 641.203200 294.651245 641.420105
303.076400 642.494500 297.859131 642.768433
306.357100 643.765800 301.071594 644.088806
309.674900 645.021300 304.338440 645.392273
312.999700 646.243800 307.607391 646.652893
316.341000 647.457400 310.884766 647.930542
319.656500 648.689200 314.136047 649.204041
322.948500 649.961000 317.367676 650.526733
326.166800 651.311700 320.548798 651.915161
329.336100 652.739100 323.651733 653.375000
332.444200 654.205600 326.698639 654.867249
335.400500 655.659200 329.646240 656.356750
338.177900 657.091100 332.445740 657.822144
340.853600 658.520100 335.142609 659.273438
343.392000 659.901300 337.711914 660.684692
345.797500 661.222900 340.124786 662.034546
348.061700 662.470200 342.397095 663.282166
350.227800 663.663600 344.577576 664.492920
352.269800 664.764500 346.652588 665.611572
354.171500 665.743600 348.543213 666.627258
355.867200 666.596600 350.256470 667.492798
357.385800 667.323400 351.757690 668.252441
358.688300 667.945100 353.040833 668.917603
359.785500 668.454700 354.142456 669.425049
360.684700 668.879300 355.039886 669.866394
361.448900 669.240500 355.813293 670.238647
362.202200 669.609800 356.529480 670.616211
362.884200 670.041700 357.175110 671.067139
363.544500 670.582800 357.829834 671.598511
364.209800 671.330500 358.525635 672.311096
364.845000 672.309500 359.067200 673.346802
365.349200 673.552400 359.504272 674.576599
365.693100 675.079000 359.792908 676.056030
365.765200 676.782400 359.720764 677.657043
365.523700 678.539500 359.430267 679.472412
365.089100 680.489300 358.882629 681.341431
364.466100 682.514600 358.136719 683.299927
363.616300 684.610800 357.212646 685.292847
362.501500 686.760700 356.069702 687.413452
361.240200 688.988000 354.778259 689.561523
359.916600 691.336700 353.389526 691.855957
358.517400 693.800300 351.912415 694.277588
357.035700 696.407500 350.338196 696.805847
355.508800 699.115600 348.723145 699.454956
353.904300 701.929300 347.018921 702.227051
352.257400 704.823800 345.265900 705.061768
350.567500 707.796400 343.455627 707.973206
348.841400 710.853200 341.625549 710.921509
347.061700 713.947900 339.737885 713.921692
345.240600 717.126500 337.791382 717.029419
343.396200 720.384700 335.834717 720.189636
341.517100 723.688800 333.838989 723.393066
339.619000 727.060600 331.821533 726.653320
337.697800 730.488300 329.789978 729.949829
335.746300 733.965100 327.695251 733.369141
333.767200 737.500800 325.595886 736.776001
331.787300 741.093200 323.479431 740.240479
329.802100 744.697600 321.370239 743.733521
327.822700 748.252900 319.256409 747.180542
325.882900 751.750500 317.172668 750.594482
323.953700 755.221900 315.106323 753.963745
322.019400 758.698600 313.044342 757.347900
320.037700 762.177600 310.931610 760.691589
318.097700 765.622300 308.862244 764.056274
316.183200 769.057500 306.795898 767.417969
314.250000 772.494900 304.728607 770.747192
312.275800 775.931500 302.606842 774.107605
310.254000 779.359500 300.402863 777.457947
308.122800 782.782800 298.116974 780.812866
305.862800 786.166800 295.729675 784.093933
303.500700 789.503100 293.222229 787.328918
300.970800 792.776600 290.586334 790.497375
298.346100 795.948700 287.845215 793.534180
295.632400 799.046800 285.000000 796.491821
292.854400 802.131000 282.121948 799.406494
290.021900 805.167500 279.163544 802.315552
287.126600 808.146600 276.133301 805.149109
284.119000 811.063300 273.010864 807.909180
281.041800 813.860300 269.825806 810.532166
277.869300 816.545900 266.560760 813.067383
274.646800 819.105600 263.261536 815.468445
271.386100 821.531200 259.903168 817.764160
268.116800 823.813700 256.535889 819.896057
264.867100 825.970500 253.173523 821.913818
261.611600 828.060300 249.814804 823.854553
258.412200 830.064600 246.491608 825.722473
255.270800 831.964500 243.218567 827.502136
252.165400 833.785500 240.038559 829.174133
249.035500 835.465400 236.926559 830.740234
245.676600 836.941500 233.899277 832.224731
242.526400 838.395100 230.980179 833.626648
239.649200 839.782300 228.215607 834.938599
236.954200 841.095200 225.579590 836.186584
234.477400 842.339200 223.104813 837.378967
232.193600 843.528700 220.811890 838.511169
230.093400 844.639300 218.699417 839.551208
228.164600 845.633300 216.774170 840.470703
226.339700 846.487500 214.924377 841.250977
224.559800 847.148600 213.153534 841.815002
222.862900 847.611100 211.466537 842.212585
221.160000 847.853200 209.805481 842.332214
219.343600 847.650900 208.099731 842.211975
217.613700 847.228800 206.427597 841.745728
215.983200 846.459000 204.834961 840.960815
214.496600 845.376700 203.362732 839.849426
213.166300 844.015600 202.077911 838.454346
211.989600 842.443000 200.925110 836.856018
210.942500 840.673500 199.966278 835.070801
210.015200 838.668700 199.112305 833.070190
209.177100 836.492300 198.404633 830.875671
208.420100 834.203400 197.731598 828.530334
207.685300 831.756600 197.108734 826.058044
206.966400 829.169500 196.523315 823.459961
206.234900 826.499600 195.937592 820.778076
205.491300 823.727800 195.310120 817.957458
204.726900 820.872900 194.654160 815.069946
203.960100 817.947300 193.985962 812.086304
203.188700 814.944500 193.322708 809.036255
202.387700 811.853000 192.627808 805.888367
201.557100 808.685000 191.927185 802.676697
200.707000 805.446700 191.213898 799.410828
199.837600 802.169300 190.462952 796.061829
198.959100 798.853000 189.706360 792.684814
198.078300 795.512000 188.964890 789.291504
197.208100 792.134200 188.199081 785.811157
196.331500 788.727300 187.523376 782.485657
195.393800 785.296400 186.784485 779.146484
194.407000 781.832200 185.915817 775.617920
193.372100 778.361600 184.882172 771.916382
192.268500 774.862700 183.917572 768.251404
191.104500 771.351900 182.934448 764.793274
189.900200 767.803200 181.888916 761.257629
188.697400 764.215300 180.894226 757.644287
187.525500 760.573100 179.871078 753.948303
186.417200 756.874800 178.920471 750.191650
185.391100 753.140200 178.045319 746.439819
184.425300 749.376100 177.269897 742.669006
183.505800 745.586000 176.492218 738.805115
182.630800 741.760500 175.793579 734.943726
181.799600 737.920600 175.129700 731.064819
180.995700 734.046000 174.480164 727.189636
180.235100 730.165100 173.882202 723.332764
179.509000 726.267300 173.279480 719.426086
178.782600 722.358000 172.684219 715.523621
178.060700 718.433400 172.125534 711.590881
177.362100 714.485400 171.609772 707.632935
176.683600 710.485300 171.053528 703.583557
176.012100 706.523900 170.555145 699.575317
175.366700 702.573200 170.071671 695.575073
174.771600 698.664000 169.637695 691.643005
174.208700 694.786000 169.231567 687.768921
173.664500 690.971400 168.832245 683.936707
173.120400 687.194400 168.448639 680.158325
172.609800 683.452500 168.052551 676.398010
172.111300 679.757200 167.665802 672.662964
171.620100 676.075400 167.295975 668.965332
171.116500 672.425100 166.905838 665.271118
170.597300 668.791300 166.523468 661.614136
170.061700 665.158300 166.125458 657.948242
169.508500 661.515700 165.733047 654.272949
168.924400 657.855800 165.332138 650.598083
168.353600 654.164700 164.907272 646.863708
167.787000 650.469600 164.527802 643.168274
167.241700 646.760000 164.156509 639.469910
166.711700 643.033600 163.779053 635.727844
166.161900 639.298500 163.394775 631.958130
165.603300 635.547200 162.999969 628.189636
165.019900 631.781100 162.600769 624.403320
164.407900 627.989800 162.176331 620.598999
163.795100 624.165700 161.752930 616.769653
163.188600 620.333500 161.307343 612.899414
162.585900 616.485800 160.875336 609.026794
162.003800 612.637200 160.433624 605.119446
161.404000 608.796100 160.010376 601.244873
160.758000 604.972100 159.584534 597.358643
160.133600 601.135300 159.165436 593.438049
159.495800 597.273400 158.734055 589.542847
158.840300 593.366000 158.315979 585.575134
158.208600 589.447000 157.896210 581.591309
157.580800 585.515400 157.477127 577.609985
156.942900 581.558400 157.040146 573.622498
156.315100 577.584700 156.618607 569.641846
155.693100 573.602200 156.208420 565.637329
155.097900 569.612100 155.801788 561.642944
154.494600 565.631700 155.387695 557.642456
153.882900 561.635800 154.969666 553.646667
153.275400 557.661700 154.535645 549.637451
152.657100 553.699500 154.109344 545.639160
152.007000 549.736100 153.682434 541.653015
151.335500 545.780700 153.232651 537.661255
150.702300 541.830000 152.791351 533.644226
150.111100 537.863200 152.373993 529.670776
149.565800 533.878000 151.948303 525.660461
149.070700 529.886400 151.538391 521.642639
148.583300 525.892200 151.139099 517.619019
148.098100 521.899600 150.769073 513.604736
147.615200 517.906000 150.389679 509.580536
147.078600 513.924800 149.979309 505.562683
146.557400 509.928000 149.559570 501.545746
145.990800 505.947400 149.146652 497.602448
145.414200 501.983900 148.717438 493.602570
144.839400 498.023200 148.288406 489.633240
144.237000 494.066600 147.822296 485.648560
143.642200 490.086700 147.350983 481.656860
143.093600 486.100600 146.904663 477.649750
142.520000 482.109500 146.452209 473.654572
141.953600 478.120000 146.012268 469.621765
141.409200 474.120700 145.594788 465.625763
140.866200 470.116800 145.181793 461.605988
140.329900 466.129000 144.768143 457.617218
139.802900 462.170200 144.380524 453.686768
139.285200 458.259400 143.991028 449.782288
138.767400 454.380800 143.600662 445.929993
138.265200 450.537100 143.238480 442.085175
137.781900 446.703500 142.882462 438.322601
137.326700 442.890000 142.540543 434.502258
136.905100 439.064700 142.246994 430.655334
136.518100 435.237300 141.972656 426.818817
136.143200 431.414200 141.737366 422.991333
135.825400 427.592200 141.513382 419.107483
135.543200 423.737300 141.347290 415.230927
135.270100 419.908100 141.261581 411.374908
135.035900 416.031200 141.155212 407.502441
134.860400 412.167200 141.136078 403.700073
134.729600 408.319200 141.143173 399.853088
134.657500 404.515600 141.213730 396.069336
134.622800 400.768700 141.303696 392.337585
134.596400 397.079600 141.426163 388.710236
134.623000 393.460300 141.587418 385.066101
134.664700 389.903700 141.777039 381.513611
134.742900 386.395400 141.976868 378.026978
134.849100 382.945500 142.206009 374.586670
134.972000 379.565400 142.431931 371.213745
135.131800 376.244700 142.682480 367.936554
135.333900 373.018200 142.975250 364.727142
135.556500 369.861200 143.310928 361.596924
135.838900 366.777100 143.683868 358.540405
136.225700 363.791900 144.161011 355.583771
136.738700 360.891300 144.756271 352.720520
137.359000 358.081000 145.468201 349.940155
138.112400 355.303200 146.327911 347.185883
138.966200 352.534800 147.277802 344.440887
139.893600 349.805900 148.269333 341.743408
140.896000 347.157200 149.341522 339.140778
141.971400 344.579000 150.458344 336.640045
143.130500 342.084500 151.684631 334.199219
144.392300 339.674500 153.010147 331.859741
145.777400 337.332100 154.451050 329.564606
147.331500 335.073900 156.050491 327.375885
149.057400 332.893100 157.818237 325.269104
150.967000 330.772000 159.758713 323.288513
153.050000 328.762800 161.869965 321.398102
155.286900 326.913400 164.145477 319.630554
157.696000 325.210700 166.549301 318.047729
160.258100 323.696400 169.099396 316.660400
162.973100 322.395300 171.786606 315.483978
165.832800 321.314600 174.625076 314.549530
168.823000 320.455500 177.605286 313.808563
171.915000 319.751800 180.668747 313.231506
175.093600 319.154400 183.841644 312.755066
178.356600 318.621500 187.102737 312.336761
181.670600 318.107800 190.467957 311.953400
184.954100 317.552100 193.893799 311.603485
188.360600 317.014600 197.428223 311.235901
191.810500 316.498600 200.958206 310.867676
195.303300 315.956300 204.549759 310.435059
198.810200 315.370500 208.118591 309.967133
202.319700 314.727700 211.694412 309.428162
205.854900 314.018600 215.256851 308.832031
209.382100 313.210000 218.832138 308.132874
212.873900 312.313500 222.354187 307.346863
216.282400 311.315800 225.788574 306.457703
219.602300 310.211800 229.122681 305.466431
222.828600 308.969500 232.343323 304.337402
225.892800 307.618500 235.456680 303.097107
228.857400 306.132600 238.449036 301.709991
231.705300 304.510000 241.339798 300.190125
234.404500 302.795000 244.090576 298.568878
236.964200 301.022400 246.711334 296.880890
239.357400 299.191600 249.178894 295.121857
241.573300 297.348000 251.447281 293.354736
243.583200 295.531300 253.530258 291.594147
245.364000 293.745300 255.388611 289.857086
246.928300 292.003400 257.011749 288.153381
248.255900 290.313300 258.385895 286.512512
249.318200 288.712300 259.512238 284.935669
250.170400 287.137600 260.423004 283.366333
250.789300 285.600000 261.111481 281.823364
251.165900 284.019700 261.532990 280.215942
251.314100 282.347000 261.773743 278.546631
251.208600 280.685900 261.728027 276.936157
250.772400 279.031200 261.369019 275.178955
249.999900 277.363100 260.665405 273.455658
248.862600 275.742500 259.579681 271.804108
247.391400 274.199800 258.147430 270.215271
245.604100 272.717600 256.405518 268.666534
243.606700 271.249000 254.478012 267.119781
241.483200 269.657000 252.394547 265.441833
239.255900 267.931300 250.258789 263.642181
236.942400 266.062700 248.001450 261.692596
234.573400 264.060900 245.718964 259.609222
232.194200 261.911300 243.459702 257.399231
229.828600 259.643500 241.157257 255.038757
227.459400 257.285700 238.863235 252.606094
225.117700 254.818300 236.616699 250.068115
222.794900 252.268100 234.369873 247.457092
220.539900 249.684100 232.183975 244.791824
218.379000 247.150200 230.121414 242.179291
216.331900 244.688600 228.130569 239.635544
214.447100 242.296600 226.312866 237.149994
212.738900 239.986300 224.665985 234.787292
211.155100 237.800000 223.125763 232.520905
209.645500 235.806000 221.649170 230.453400
208.153800 234.063200 220.180908 228.650162
206.642600 232.599300 218.708282 227.118378
205.050700 231.388700 217.143387 225.838318
203.386000 230.453900 215.508194 224.860321
201.568800 229.804200 213.664932 224.105286
199.652600 229.469400 211.681305 223.690338
197.649300 229.448700 209.644791 223.652512
195.695200 229.808500 207.634979 223.949463
193.757500 230.545900 205.632172 224.631012
191.873400 231.575500 203.655121 225.612640
190.008500 232.786900 201.683960 226.767593
188.027800 234.075600 199.575806 228.027191
185.893500 235.390300 197.354538 229.264343
183.609800 236.705800 194.935791 230.564529
181.165200 238.005100 192.407074 231.773804
178.517300 239.254000 189.713593 232.910172
175.726900 240.407000 186.899414 233.942993
172.707400 241.421200 183.901764 234.857620
169.603600 242.357600 180.859940 235.716675
166.445500 243.209000 177.720306 236.480881
163.269700 243.975200 174.502441 237.135498
160.018600 244.710100 171.259888 237.784332
156.736700 245.397400 167.989731 238.369980
153.408400 246.036100 164.685699 238.918121
150.090200 246.634600 161.374039 239.418579
146.806300 247.228400 158.055054 239.906021
143.505000 247.801600 154.748749 240.361099
140.209300 248.367500 151.471909 240.817764
136.935100 248.926700 148.207733 241.258514
133.701200 249.482000 144.976044 241.727371
130.512300 250.041400 141.797012 242.202927
127.368600 250.623000 138.626968 242.722839
124.279500 251.271600 135.514603 243.311111
121.226800 251.988400 132.447556 243.969238
118.235900 252.796200 129.412811 244.714981
115.296000 253.710500 126.454926 245.549362
112.410900 254.793600 123.524994 246.532501
109.550100 256.073600 120.616028 247.696808
106.765300 257.559400 117.788002 249.048538
104.058300 259.195200 115.034584 250.580215
101.451300 260.983800 112.363289 252.264252
98.958900 262.930000 109.801239 254.104034
96.560750 265.038400 107.309937 256.115387
94.233290 267.302400 104.901825 258.273132
91.992660 269.682500 102.592506 260.580780
89.872160 272.215300 100.388062 263.053009
87.867480 274.902800 98.307297 265.677887
85.990600 277.735000 96.315559 268.439178
84.244040 280.710100 94.465004 271.343567
82.619100 283.777000 92.741211 274.341827
81.079690 286.968600 91.090797 277.494354
79.784310 290.233300 89.701843 280.677246
78.568560 293.653400 88.362198 284.007599
77.471470 297.091000 87.131508 287.357849
76.507590 300.590600 86.046875 290.786835
75.684350 304.118500 85.099335 294.262085
74.993740 307.691900 84.276321 297.802612
74.448540 311.297700 83.608734 301.374817
74.042020 314.935900 83.082382 304.983612
73.771590 318.594800 82.685097 308.624817
73.715910 322.261900 82.369949 312.253326
73.769420 325.907700 82.131851 315.887329
73.817040 329.552100 81.951515 319.545532
74.000290 333.173500 81.824646 323.164276
74.172500 336.809200 81.723984 326.763123
74.344680 340.442200 81.660446 330.383301
74.514430 344.091300 81.655052 333.991516
74.662940 347.746700 81.625984 337.603119
74.736070 351.400000 81.517166 341.194916
74.769320 355.000700 81.416542 344.766632
74.814470 358.586500 81.307968 348.323334
74.746920 362.178000 81.177292 351.878113
74.686830 365.745600 81.036812 355.452118
74.555740 369.317000 80.842705 359.004791
74.360040 372.935200 80.594116 362.559418
74.109450 376.533900 80.275406 366.088257
73.828330 380.133100 79.900558 369.639587
73.476450 383.716600 79.459473 373.139740
73.062260 387.295400 78.971344 376.666779
72.635640 390.839200 78.451797 380.166687
72.123690 394.365700 77.823685 383.622986
71.585570 397.910500 77.173050 387.112000
70.976400 401.435000 76.444107 390.585022
70.311850 404.959700 75.657562 394.067566
69.602670 408.449900 74.835014 397.552246
68.879140 411.948200 74.026871 401.037109
68.139490 415.452800 73.190697 404.469177
67.432580 418.981100 72.358635 407.904022
66.735590 422.501800 71.525085 411.354340
66.031790 425.991100 70.722137 414.828522
65.337700 429.457600 69.916679 418.301331
64.678150 432.971500 69.133644 421.812531
64.092350 436.564700 68.436615 425.379150
63.538820 440.165700 67.776207 428.925934
63.089490 443.780200 67.203186 432.535126
62.687700 447.405600 66.696289 436.117767
62.395430 451.016900 66.290192 439.684265
62.179910 454.600300 65.960396 443.277802
62.016060 458.184800 65.675354 446.853760
61.878910 461.762700 65.414993 450.421021
61.782260 465.339800 65.194130 453.982666
61.711200 468.924000 64.983665 457.548737
61.669710 472.506000 64.811852 461.120758
61.695530 476.094800 64.691483 464.681915
61.729390 479.666900 64.584900 468.247467
61.822870 483.270300 64.542717 471.835632
61.924810 486.878100 64.498001 475.423798
62.056550 490.478600 64.485840 479.024109
62.176020 494.117900 64.473640 482.678619
62.266690 497.773900 64.418175 486.286530
62.330910 501.484400 64.366257 489.983307
62.383600 505.245100 64.343864 493.627625
62.456820 509.016300 64.339241 497.370880
62.639660 512.800600 64.459305 501.140564
62.868350 516.638100 64.615845 504.948181
63.106400 520.456700 64.766434 508.743988
63.367240 524.259400 64.928833 512.535828
63.593570 528.081800 65.067055 516.329895
63.801530 531.888200 65.164078 520.129700
64.024540 535.667900 65.281815 523.896667
64.206830 539.467500 65.346375 527.616760
64.344710 543.234900 65.366844 531.275879
64.496310 546.996900 65.399712 534.972534
64.631930 550.743000 65.409500 538.701599
64.749170 554.462700 65.403099 542.370728
64.914610 558.167300 65.438171 546.073669
65.103700 561.867200 65.499596 549.758606
65.335960 565.517200 65.605202 553.377563
65.569200 569.190200 65.689148 557.000977
65.794250 572.863800 65.808540 560.579529
65.979210 576.521900 65.883270 564.193359
66.180050 580.172300 65.976562 567.822632
66.362280 583.853000 66.044762 571.472778
66.538350 587.515200 66.111275 575.095947
66.682270 591.168900 66.138008 578.720093
66.777600 594.811400 66.120377 582.316101
66.890400 598.420300 66.114784 585.907288
67.026690 602.042900 66.131424 589.522461
67.177460 605.622900 66.167023 593.091003
67.323020 609.198300 66.201248 596.658142
67.450500 612.758000 66.223129 600.216248
67.653570 616.289300 66.329285 603.739929
67.878290 619.813700 66.452110 607.283203
68.154010 623.308500 66.622559 610.786255
68.437020 626.799600 66.810791 614.284119
68.771410 630.257700 67.055794 617.780823
69.202550 633.695200 67.383537 621.251465
69.600670 637.103300 67.694664 624.678345
70.036830 640.488700 68.048203 628.063599
70.506270 643.807100 68.426788 631.390503
70.892770 647.161500 68.711746 634.724487
71.232770 650.443300 68.979973 638.012512
71.580170 653.720500 69.220970 641.278870
71.988160 656.939000 69.468948 644.541565
72.305150 660.204100 69.653137 647.784729
72.604120 663.408400 69.789047 651.030640
72.917010 666.635000 69.924934 654.256042
73.242550 669.852400 70.068207 657.501892
73.637330 673.050100 70.233871 660.738098
74.027710 676.284300 70.457794 663.995544
74.459600 679.526800 70.754021 667.234253
74.950660 682.820100 71.112770 670.507446
75.485380 686.101000 71.475189 673.814453
75.997000 689.438300 71.865433 677.150330
76.620780 692.817900 72.295563 680.539795
77.255750 696.266300 72.783920 683.982849
77.860920 699.720200 73.267044 687.410767
78.456960 703.252300 73.725960 690.979858
79.046650 706.838300 74.185287 694.571777
79.748960 710.431700 74.650787 698.187378
80.377820 714.087800 75.097099 701.869934
80.984990 717.795000 75.592682 705.609009
81.568530 721.524100 76.080597 709.370911
82.226950 725.230100 76.625725 713.137329
82.971570 728.932500 77.206329 716.895325
83.716810 732.637800 77.808281 720.655457
84.461420 736.340000 78.461411 724.397278
85.205890 740.041500 79.174973 728.145813
85.988280 743.734800 79.897972 731.813782
86.881120 747.371500 80.665611 735.475952
87.770200 751.019300 81.429337 739.143433
88.659140 754.657900 82.225075 742.790771
89.568830 758.256300 83.035217 746.436646
90.529500 761.919200 83.894569 750.106812
91.504420 765.495400 84.763161 753.672791
92.518360 769.126400 85.671349 757.351562
93.541990 772.703400 86.596687 760.916077
94.615270 776.302000 87.568169 764.545959
95.687250 779.833200 88.552231 768.109924
96.764590 783.369100 89.551125 771.678833
97.857970 786.887700 90.574371 775.226440
98.977700 790.363900 91.617813 778.728943
100.102700 793.842400 92.688721 782.233337
101.281700 797.278800 93.777740 785.819763
102.480100 800.701200 94.920502 789.323181
103.706800 804.080200 96.035614 792.722717
104.948300 807.449200 97.161423 796.103577
106.192400 810.798000 98.291840 799.473389
107.467000 814.117100 99.475632 802.826416
108.775000 817.411500 100.670349 806.151794
110.077600 820.689800 101.863693 809.477539
111.337000 823.916800 103.020844 812.761536
112.595900 827.082700 104.174774 815.975342
113.862500 830.153000 105.361969 819.074219
115.118400 833.166500 106.516754 822.126160
116.423500 836.128900 107.726074 825.131409
117.895400 839.037200 109.073578 828.099854
119.447600 841.885100 110.518372 831.018311
121.088600 844.701900 112.075500 833.918701
122.872100 847.290700 113.673523 836.707642
124.724400 849.810800 115.416046 839.491150
126.575500 852.329600 117.194000 842.148132
128.426600 854.848600 118.999237 844.722107
130.276800 857.367000 120.815430 847.166199
132.127400 859.883600 122.617859 849.520996
133.992200 862.014800 124.409302 851.746216
135.814600 864.035300 126.158661 853.857727
137.604800 865.988300 127.862518 855.875977
139.298200 867.835900 129.509918 857.812317
140.919200 869.609300 131.095795 859.652283
142.486000 871.338400 132.602081 861.455627
143.940800 872.954000 133.996735 863.144226
145.300100 874.412900 135.308899 864.659241
146.559000 875.661600 136.512390 865.955444
147.650800 876.418400 137.622101 867.001160
148.685500 877.020600 138.592926 867.814941
149.713200 877.623900 139.526459 868.532410
150.732500 878.227900 140.550568 869.092285
151.742600 878.831700 141.598114 869.558838
152.808100 879.342000 142.760895 869.874817
154.068700 879.516900 144.003372 870.081055
155.413300 879.479400 145.397766 870.149658
156.888700 879.272300 146.911194 870.007507
158.478100 878.881900 148.503937 869.640442
160.134900 878.287500 150.208755 869.124268
161.860100 877.489100 151.964172 868.359863
163.672500 876.562600 153.817001 867.499573
165.594100 875.530000 155.781265 866.524231
167.624000 874.437100 157.854843 865.490234
169.770000 873.289900 160.020264 864.404724
172.035600 872.094100 162.297119 863.293701
174.385300 870.862300 164.668396 862.132385
176.854600 869.589200 167.148102 860.940674
179.401000 868.288100 169.718231 859.710815
181.975500 866.969700 172.307724 858.468689
184.536700 865.639500 174.893692 857.209717
187.062400 864.284700 177.462387 855.907104
189.538900 862.924800 179.961105 854.618530
191.918900 861.611300 182.365768 853.378784
194.206900 860.315700 184.672592 852.163940
196.343300 858.956400 186.863022 851.018005
198.368400 857.888200 188.996368 849.963989
200.275000 856.919100 191.046448 849.050476
202.193600 856.085800 193.018524 848.287048
204.073500 855.496400 194.907700 847.784485
205.960400 855.183900 196.676239 847.531128
207.864300 855.202100 198.485550 847.589172
209.713700 855.529100 200.269745 847.915527
211.499200 856.220700 202.007751 848.641052
213.188100 857.107700 203.638336 849.721558
214.784400 858.522000 205.121094 851.130005
216.227100 860.190500 206.454926 852.810181
217.589200 862.100400 207.737473 854.762817
218.870200 864.194100 208.914139 856.902100
220.036500 866.491500 209.984116 859.215576
221.092500 868.955100 210.954865 861.726135
222.159200 871.551200 211.930237 864.357605
223.261300 874.233400 212.958664 867.087769
224.402100 877.003500 213.998596 869.914917
225.538100 879.835200 215.009750 872.802979
226.647400 882.714200 216.018661 875.724731
227.713000 885.605500 216.990906 878.656921
228.729800 888.498800 217.915848 881.603210
229.740400 891.364700 218.827927 884.509399
230.756400 894.190300 219.752991 887.395630
231.798000 896.975600 220.699997 890.237244
232.862200 899.689300 221.679428 893.006287
234.006400 902.314400 222.742325 895.687988
235.284000 904.779800 223.976562 898.254395
236.717300 907.106500 225.335403 900.659424
238.297800 909.282700 226.862823 902.903564
240.026200 911.279800 228.511383 904.937012
241.899800 913.107900 230.332306 906.854736
243.969200 914.753500 232.287354 908.569946
246.167200 916.200700 234.373505 910.090454
248.519300 917.425900 236.610748 911.392090
250.970500 918.372900 239.010406 912.497559
253.540200 919.159700 241.562363 913.395630
256.240400 919.688000 244.245895 913.998779
259.064500 919.965800 247.095276 914.383240
262.004800 920.092700 250.100235 914.679016
265.032800 920.081200 253.141190 914.780884
268.210100 920.078400 256.304993 914.731628
271.495300 919.927300 259.520477 914.588562
274.820000 919.698100 262.819946 914.416870
278.229300 919.336300 266.178833 914.157593
281.674700 918.885400 269.572449 913.813599
285.133600 918.345800 273.038757 913.402283
288.622600 917.728600 276.571655 912.928101
292.132800 917.013700 280.109497 912.350586
295.617300 916.238200 283.671021 911.699097
299.090900 915.358200 287.198212 910.980774
302.533100 914.353500 290.665771 910.176208
305.943200 913.309900 294.120880 909.299438
309.311700 912.191400 297.489746 908.365601
312.679900 911.045400 300.853790 907.374146
316.061700 909.902400 304.254608 906.371521
319.450400 908.753400 307.638184 905.350952
322.840000 907.560400 311.031769 904.313477
326.249400 906.356000 314.450317 903.255676
329.691100 905.139800 317.904572 902.168823
333.195400 903.900600 321.433075 901.076721
336.754600 902.625300 325.024933 899.936707
340.384100 901.328400 328.706512 898.758972
344.064600 899.969000 332.400940 897.523804
347.769700 898.590900 336.142090 896.281372
351.401700 897.220500 339.805542 895.027100
354.975200 895.841100 343.423859 893.771423
358.485000 894.463600 346.979126 892.512878
361.949500 893.084300 350.487213 891.261719
365.336200 891.732700 353.921295 890.030762
368.619200 890.389400 357.259583 888.805481
371.749500 889.112100 360.436096 887.637024
374.681800 887.918900 363.416107 886.552429
377.389200 886.824500 366.189026 885.545654
379.874900 885.837000 368.708008 884.631958
382.177900 884.931600 371.038940 883.793762
384.328100 884.100300 373.188110 883.013123
386.400700 883.311200 375.267792 882.267944
388.376900 882.536800 377.288239 881.553040
390.309000 881.774800 379.258545 880.849304
392.306100 880.993700 381.284973 880.134338
394.377700 880.162100 383.397675 879.384460
396.550200 879.262200 385.610840 878.551147
398.842300 878.314900 387.952637 877.704712
401.259600 877.339000 390.406830 876.832336
403.789800 876.325100 392.996948 875.903992
406.435900 875.291100 395.680847 874.976624
409.217000 874.214500 398.489716 873.990051
412.118100 873.111300 401.367828 872.973816
415.118700 871.959800 404.346191 871.929077
418.218100 870.771000 407.447754 870.852905
421.393100 869.520300 410.631714 869.716858
424.627300 868.193200 413.888000 868.498596
427.914800 866.771900 417.204559 867.208679
431.247800 865.254500 420.615234 865.810303
434.552400 863.690400 423.987000 864.374634
437.807500 862.081600 427.324371 862.890930
440.966600 860.444200 430.525085 861.381897
444.049200 858.816700 433.675110 859.842163
447.069000 857.193700 436.749908 858.320862
450.037100 855.607100 439.760895 856.856384
452.944600 854.081100 442.710144 855.440735
455.777600 852.654400 445.559021 854.136169
458.467600 851.383400 448.246613 852.961365
460.990700 850.198200 450.776825 851.877930
463.426800 849.070300 453.218842 850.852234
465.787600 847.990900 455.581848 849.861755
468.094900 846.950600 457.926208 848.913757
470.366800 845.937300 460.200256 847.999084
472.708100 844.897600 462.580322 847.037109
475.121700 843.800400 465.023956 846.037476
477.587500 842.683800 467.495361 845.027344
480.152400 841.532300 470.086121 843.969971
482.766300 840.339500 472.758606 842.857544
485.445100 839.143200 475.417419 841.761108
488.188300 837.891400 478.159180 840.623901
490.987500 836.623000 480.945679 839.484436
493.803100 835.351100 483.774445 838.323181
496.624700 834.094400 486.623840 837.166870
499.474300 832.809600 489.520844 835.993774
502.358500 831.502600 492.459015 834.787964
505.286800 830.236700 495.421448 833.583496
508.248000 828.948300 498.401489 832.372131
511.244100 827.658100 501.410583 831.163696
514.267100 826.347100 504.429199 829.956177
517.327800 825.031500 507.520813 828.744263
520.388500 823.719100 510.570618 827.534241
523.389100 822.420300 513.569397 826.347900
526.283400 821.190400 516.477295 825.214233
529.057000 820.023600 519.251038 824.146423
531.704800 818.934000 521.917419 823.139404
534.226500 817.916400 524.451599 822.213989
536.656700 816.946600 526.903809 821.327271
539.023500 815.952900 529.291565 820.419922
541.317300 814.866300 531.651489 819.417297
543.532000 813.688600 533.908813 818.325806
545.686900 812.396800 536.124512 817.082947
547.734700 810.971800 538.218506 815.710571
549.629400 809.339400 540.172791 814.112610
551.297600 807.502100 541.910645 812.308044
552.779900 805.465100 543.467529 810.268127
554.025400 803.122900 544.841064 807.969910
555.053800 800.603800 545.957642 805.437134
555.833800 797.890700 546.823730 802.715759
556.486200 795.031700 547.578979 799.855347
557.103100 792.043700 548.290527 796.899231
557.706900 788.950900 548.981445 793.835388
558.314100 785.757400 549.685730 790.679932
558.963000 782.480200 550.432739 787.460327
559.664300 779.132300 551.222534 784.103760
560.383500 775.702500 552.028564 780.713867
561.143700 772.190100 552.877686 777.280273
561.955700 768.606200 553.765076 773.761597
562.794300 764.921400 554.651611 770.159424
563.665600 761.194600 555.587341 766.490845
564.512000 757.439400 556.516235 762.807373
565.360500 753.691900 557.461487 759.128235
566.202300 749.955700 558.377930 755.424255
567.038700 746.210000 559.312927 751.733826
567.914000 742.455400 560.263794 748.034546
568.809800 738.700200 561.240417 744.349182
569.651600 734.948800 562.186279 740.622437
570.504400 731.165000 563.118103 736.903198
571.381700 727.390900 564.088806 733.154053
572.231200 723.645800 565.026611 729.424805
573.054100 719.904800 565.944519 725.720276
573.889700 716.163100 566.861450 722.035645
574.718600 712.404800 567.794678 718.290955
575.527100 708.639600 568.692261 714.563538
576.261300 704.869800 569.523682 710.797913
576.930700 701.064300 570.279846 707.013672
577.575900 697.234700 570.998779 703.210999
578.192400 693.375300 571.689148 699.376343
578.778500 689.496000 572.364136 695.510498
579.345900 685.591800 573.006226 691.617920
579.857300 681.665400 573.611084 687.730042
580.310600 677.720500 574.183105 683.773071
580.758800 673.746400 574.742065 679.823120
581.155000 669.796200 575.249390 675.888123
581.510700 665.865700 575.702148 671.987671
581.822900 661.969700 576.095825 668.086731
582.077900 658.112900 576.465515 664.250000
582.273900 654.274900 576.753296 660.429932
582.437900 650.427100 577.023926 656.578613
582.599800 646.577200 577.278015 652.694275
582.753900 642.693800 577.513062 648.830261
582.851400 638.813400 577.674072 644.956116
582.898800 634.890000 577.823425 641.039185
582.982400 630.949500 578.007080 637.106384
583.073100 627.003400 578.196899 633.174133
583.192100 623.061600 578.402954 629.210938
583.328900 619.143000 578.637939 625.293335
583.475300 615.223700 578.873840 621.376038
583.625900 611.282200 579.121643 617.436890
583.720700 607.341100 579.379883 613.483948
583.834500 603.396300 579.638550 609.518066
583.934300 599.462000 579.882446 605.539001
584.036500 595.562800 580.135132 601.621460
584.162200 591.689200 580.404602 597.737305
584.227300 587.867900 580.650330 593.875671
584.317600 584.024500 580.901794 590.001953
584.499000 580.192700 581.231812 586.188293
584.808000 576.397200 581.677917 582.402100
585.238500 572.636300 582.220215 578.716858
585.796800 568.901300 582.888489 575.003479
586.480500 565.193700 583.667786 571.276306
587.248500 561.507600 584.521729 567.580994
588.029900 557.836500 585.371094 563.920288
588.838600 554.171600 586.244751 560.277649
589.673700 550.509400 587.143738 556.630249
590.516100 546.866500 588.041565 552.994812
591.343500 543.261900 588.926575 549.428284
592.132200 539.698600 589.782288 545.874390
592.828000 536.162600 590.521667 542.369324
593.460000 532.659000 591.230957 538.880188
594.031700 529.277200 591.882996 535.509033
594.554500 526.081000 592.476685 532.350830
595.075800 523.072600 593.049744 529.385559
595.617300 520.255100 593.647461 526.590210
596.166400 517.626800 594.239929 523.978271
596.704800 515.143200 594.823608 521.501160
597.194900 512.833500 595.358154 519.209595
597.576200 510.694300 595.790710 517.062927
597.786600 508.667900 596.049866 515.013123
597.747500 506.649500 596.105896 513.004395
597.514600 504.697700 595.932129 511.016510
597.070500 502.800000 595.535461 509.105652
596.402400 500.998300 594.905640 507.282501
595.438900 499.228700 593.965393 505.434204
594.162500 497.526700 592.725220 503.669250
592.513700 495.900800 591.181885 502.076233
590.635600 494.532500 589.337952 500.676117
588.500500 493.343000 587.229431 499.430664
586.178900 492.278900 584.919922 498.316528
583.738500 491.279000 582.493286 497.266663
581.166800 490.215600 579.925232 496.139404
578.490800 489.083700 577.242004 494.946777
575.723500 487.861500 574.477356 493.662659
572.904600 486.554700 571.679443 492.297485
570.042200 485.190900 568.844727 490.877563
567.169200 483.760200 565.990417 489.377930
564.280500 482.280300 563.118286 487.842926
561.350400 480.769600 560.203369 486.266052
558.405800 479.261600 557.287720 484.710449
555.376800 477.743300 554.322021 483.121704
552.348800 476.229900 551.339417 481.522369
549.309400 474.657200 548.347473 479.886139
546.268100 473.067100 545.382080 478.235901
543.205700 471.460400 542.366150 476.564636
540.123400 469.844900 539.308350 474.882568
537.055800 468.227900 536.313232 473.217468
534.039300 466.620500 533.311829 471.552063
531.070100 465.041900 530.371704 469.915710
528.189800 463.496400 527.498596 468.303619
525.392500 461.985300 524.736633 466.733337
522.696400 460.482700 522.064941 465.171844
520.138600 459.018200 519.528687 463.639587
517.756100 457.609300 517.169006 462.187378
515.544600 456.272300 514.944641 460.800110
513.468500 454.993400 512.856873 459.464233
511.515000 453.792000 510.873260 458.212860
509.647000 452.752700 508.996887 457.119385
507.816400 451.952700 507.173340 456.250488
506.024700 451.375100 505.361206 455.634583
504.164400 451.057300 503.476105 455.262207
502.213400 450.955500 501.543640 455.143646
500.360000 451.174600 499.668060 455.327728
498.532400 451.717400 497.783997 455.804169
496.762400 452.594900 495.977966 456.634705
495.085200 453.803100 494.265411 457.826111
493.512800 455.370800 492.718994 459.334717
492.140200 457.192000 491.275208 461.197205
490.899800 459.329000 489.936523 463.393311
489.697100 461.689000 488.600952 465.774109
488.436200 464.216900 487.217621 468.355774
487.065300 466.910000 485.737305 471.062988
485.589500 469.753000 484.160858 473.863464
484.009700 472.740300 482.477051 476.845276
482.314200 475.837000 480.698242 479.924988
480.567300 479.018100 478.875824 483.095703
478.766800 482.282500 477.018188 486.299438
476.977200 485.484200 475.097382 489.562378
475.149800 488.770200 473.153503 492.862885
473.326600 492.020400 471.204224 496.135254
471.475600 495.302800 469.229401 499.455933
469.568200 498.617300 467.248077 502.754120
467.651300 501.958900 465.243042 506.069275
465.708000 505.334400 463.194702 509.462799
463.769100 508.731500 461.180969 512.808716
461.845200 512.161900 459.172729 516.202881
459.919600 515.621400 457.158020 519.643738
457.939000 519.112900 455.154297 523.088623
455.953400 522.620500 453.147339 526.514465
453.935100 526.117100 451.136261 529.921509
451.928900 529.614300 449.099243 533.374756
449.964500 533.134600 447.070251 536.835693
448.010500 536.687300 445.042358 540.307129
446.054100 540.236000 443.025787 543.835999
444.056100 543.807900 441.004639 547.370300
442.049300 547.417800 438.983673 550.889648
440.037800 551.028500 436.936279 554.437439
438.025200 554.634600 434.885864 557.964905
435.977800 558.237500 432.815033 561.504822
433.919500 561.855000 430.703430 565.066711
431.843000 565.470100 428.597290 568.650391
429.767800 569.108300 426.463989 572.226440
427.667800 572.747600 424.333466 575.787537
425.537800 576.435200 422.195587 579.411133
423.436400 580.100900 420.072479 582.956909
421.318500 583.767700 417.921722 586.528320
419.219900 587.449100 415.754822 590.178772
417.120400 591.134600 413.592957 593.800781
415.005200 594.832500 411.464600 597.444092
412.888500 598.541400 409.306335 601.036682
410.755500 602.261600 407.136108 604.680847
408.648800 605.999000 404.978210 608.314697
406.499300 609.720300 402.769348 611.904785
404.349900 613.457900 400.555084 615.574341
402.219500 617.158900 398.381622 619.179504
400.144400 620.804100 396.232849 622.731201
398.088300 624.376000 394.112000 626.256348
396.094000 627.872100 392.051361 629.688965
394.096100 631.363900 389.978088 633.141357
392.096200 634.841100 387.911926 636.537109
390.122200 638.266000 385.884125 639.894836
388.138200 641.719200 383.833313 643.275085
386.190000 645.182000 381.801575 646.610596
384.289400 648.626900 379.784058 649.969177
382.388400 652.005600 377.783081 653.277222
380.473700 655.356700 375.781067 656.553955
378.503900 658.701400 373.765015 659.799927
376.494800 662.062000 371.718292 663.086426
374.499000 665.373200 369.665985 666.396057
372.495100 668.759000 367.591736 669.728149
370.503500 672.182700 365.540955 673.093628
368.470500 675.625200 363.460693 676.455750
366.423200 679.124800 361.316528 679.886780
364.370700 682.649600 359.164490 683.344666
362.295100 686.175900 356.999329 686.763550
360.227100 689.735900 354.874420 690.231384
358.182300 693.297500 352.751465 693.690186
356.109700 696.850900 350.584900 697.158447
354.085800 700.357400 348.481201 700.576538
352.038300 703.859700 346.353821 703.985352
350.008800 707.353700 344.248840 707.385010
347.982700 710.855500 342.130676 710.788574
345.942000 714.320900 340.042938 714.095093
343.906200 717.779200 337.912811 717.461914
341.889600 721.226700 335.810791 720.827515
339.882000 724.654800 333.731567 724.119446
337.868700 728.103400 331.655518 727.476318
335.866200 731.571800 329.567352 730.855469
333.967500 735.105200 327.478027 734.273682
332.130600 738.707000 325.359924 737.702148
330.109000 742.325700 323.255981 741.211548
328.052600 745.993300 321.076263 744.797729
325.960300 749.694700 318.880188 748.397949
323.882400 753.400900 316.675873 752.038818
321.810400 757.046400 314.509949 755.593506
319.688500 760.664000 312.313751 759.134583
317.595700 764.288500 310.061523 762.648438
315.554700 767.892700 307.828613 766.114441
313.514600 771.526200 305.590881 769.585938
311.450700 775.119600 303.338348 773.025818
309.357300 778.629400 301.059601 776.446045
307.194900 782.050500 298.731171 779.816284
304.937400 785.448200 296.326904 783.097534
302.592400 788.799400 293.826752 786.332886
300.153800 792.111000 291.252472 789.531738
297.624000 795.374800 288.612518 792.650146
294.927000 798.539300 285.871735 795.704956
292.185800 801.678500 283.018646 798.726257
289.192200 804.695700 280.045074 801.675232
286.151300 807.624000 276.967346 804.561646
283.065000 810.476300 273.851196 807.336670
280.007100 813.213700 270.694489 809.970581
276.942200 815.904300 267.525787 812.482788
273.811500 818.493600 264.289795 814.888550
270.605600 820.960500 260.981873 817.208740
267.321200 823.303700 257.579407 819.396851
264.005200 825.567800 254.151932 821.509644
260.657900 827.735000 250.703705 823.489136
257.273000 829.813900 247.186111 825.422974
253.861800 831.809200 243.636261 827.297974
250.446800 833.761300 240.139481 829.073608
247.052800 835.652800 236.657593 830.819153
243.677200 837.476800 233.207672 832.506226
240.295500 839.294300 229.729614 834.195862
236.906500 841.089700 226.273804 835.847839
233.510200 842.896300 222.773666 837.518555
230.131200 844.723000 219.301239 839.209534
226.769300 846.514500 215.861069 840.858459
223.408300 848.268000 212.402435 842.475220
220.026300 849.991200 208.995239 844.059753
216.652600 851.728000 205.551773 845.639771
213.269900 853.442300 202.095306 847.200806
209.880600 855.139200 198.609543 848.762756
206.468800 856.885000 195.107498 850.329285
203.010300 858.620500 191.610031 851.916748
199.502700 860.363300 188.065857 853.520203
196.002500 862.107300 184.507645 855.127441
192.526600 863.893400 180.959579 856.778809
189.070200 865.686900 177.419479 858.448669
185.622800 867.526100 173.869949 860.168579
182.188500 869.362900 170.346436 861.867371
178.750800 871.210600 166.819702 863.551025
175.314500 873.051400 163.298370 865.264648
171.878500 874.938000 159.811295 867.003601
168.464000 876.882000 156.319427 868.811279
165.093500 878.898700 152.882904 870.720337
161.793700 881.039600 149.498413 872.725342
158.553600 883.315600 146.171204 874.872314
155.369300 885.727000 142.919128 877.143066
152.279000 888.277000 139.756592 879.558228
149.259200 890.897300 136.695862 882.018188
146.298100 893.633000 133.658691 884.602417
143.341500 896.377900 130.627838 887.215088
140.419600 899.149000 127.624695 889.852783
137.428800 901.883400 124.588898 892.469604
134.430600 904.585400 121.472687 895.106750
131.430500 907.268900 118.389679 897.703003
128.400000 909.942700 115.290131 900.279785
125.387100 912.605700 112.174316 902.864380
122.446000 915.311700 109.129852 905.466614
