0.000000 -0.000000 0.000000 0.000000
0.287920 2.986691 0.269347 3.057596
0.971569 5.887651 0.953883 6.077597
2.050498 8.646240 2.062952 8.933194
3.483068 11.215600 3.540424 11.605172
5.252124 13.530580 5.379155 14.033591
7.315983 15.554830 7.529710 16.159960
9.617499 17.248350 9.936320 17.946217
12.138440 18.605410 12.557400 19.392775
14.845670 19.655580 15.360957 20.501509
17.710960 20.442900 18.352184 21.358759
20.708720 20.958900 21.477608 21.929762
23.853650 21.214680 24.781116 22.210970
27.127230 21.215640 28.236750 22.243956
30.502910 21.029600 31.839756 22.090340
33.942320 20.718590 35.454735 21.801161
37.526800 20.278900 39.225185 21.412853
41.305500 19.746480 43.179794 20.944229
45.281370 19.137530 47.386848 20.409700
49.442010 18.473180 51.684628 19.824512
53.784140 17.768220 56.173199 19.174942
58.319700 17.046980 60.851074 18.512489
63.045640 16.314830 65.642281 17.845158
67.933580 15.564290 70.679832 17.127708
72.949570 14.807080 75.827721 16.414318
78.112070 14.037650 81.043373 15.711646
83.403150 13.249300 86.340141 14.966241
88.827470 12.428430 91.758240 14.241846
94.384170 11.569350 97.310432 13.444455
100.052700 10.639880 102.946770 12.587785
105.791000 9.611618 108.700218 11.591070
111.620600 8.486629 114.544952 10.531487
117.518200 7.246929 120.466026 9.351801
123.481700 5.883248 126.402489 8.085798
129.500400 4.402279 132.375168 6.706070
135.583700 2.806947 138.343170 5.215260
141.730400 1.132152 144.389069 3.653698
147.930500 -0.644931 150.489410 2.000053
154.181200 -2.533182 156.652634 0.264427
160.473700 -4.525316 162.860199 -1.601574
166.825700 -6.614701 169.125656 -3.547386
173.224500 -8.806086 175.387878 -5.608345
179.671400 -11.085600 181.693298 -7.738327
186.169900 -13.447970 188.034683 -9.946655
192.708700 -15.908790 194.495880 -12.276703
199.295800 -18.474840 200.983139 -14.681679
205.877000 -21.127230 207.426346 -17.174416
212.474400 -23.878960 213.935257 -19.761108
219.085400 -26.695130 220.470245 -22.431946
225.674300 -29.566300 226.976791 -25.138729
232.258400 -32.511370 233.428909 -27.912193
238.826600 -35.515520 239.896790 -30.764290
245.357100 -38.591140 246.327347 -33.682922
251.842400 -41.746310 252.728302 -36.690773
258.295100 -44.977770 259.074097 -39.773155
264.734000 -48.300070 265.445435 -42.975967
271.174400 -51.720410 271.804413 -46.268158
277.658000 -55.253110 278.261627 -49.626610
284.188500 -58.892510 284.706757 -53.123924
290.770400 -62.649290 291.220642 -56.739540
297.421200 -66.505210 297.801575 -60.439560
304.114100 -70.451700 304.385986 -64.208855
310.871400 -74.512450 310.985474 -68.091919
317.638300 -78.729880 317.669312 -72.215805
324.412000 -83.100090 324.353729 -76.475937
331.147700 -87.570510 331.002380 -80.811890
337.838900 -92.151540 337.637878 -85.273071
344.489200 -96.836160 344.250366 -89.850342
351.109400 -101.590900 350.693146 -94.338715
357.680900 -106.441100 357.237885 -99.023323
364.205100 -111.363100 363.743286 -103.824135
370.654300 -116.349400 370.201691 -108.672516
377.044400 -121.373300 376.610535 -113.599060
383.353100 -126.497900 382.966644 -118.683136
389.648900 -131.627300 389.258484 -123.732132
395.838500 -136.824400 395.457733 -128.870789
401.977500 -142.068800 401.542023 -134.071503
408.063900 -147.386100 407.635620 -139.333923
414.119900 -152.725600 413.675720 -144.661194
420.140100 -158.070100 419.686768 -149.954987
426.135700 -163.442300 425.606537 -155.259064
432.096100 -168.831000 431.528870 -160.593323
438.042000 -174.202900 437.464996 -165.911819
444.039200 -179.520000 443.456543 -171.177002
450.064000 -184.791600 449.428040 -176.374115
456.158000 -189.992400 455.474487 -181.496918
462.246200 -195.183000 461.541809 -186.611237
468.350900 -200.337600 467.623505 -191.707306
474.468300 -205.478700 473.701416 -196.802933
480.606000 -210.588600 479.756348 -201.837173
486.757700 -215.677000 485.835114 -206.788391
492.916600 -220.757600 491.985535 -211.816116
499.072200 -225.827000 498.083130 -216.781906
505.239000 -230.914300 504.171814 -221.765625
511.393900 -235.996900 510.213440 -226.738983
517.549300 -241.076200 516.305237 -231.742020
523.710600 -246.155700 522.347595 -236.691895
529.865100 -251.222800 528.431152 -241.677002
536.037700 -256.292500 534.507996 -246.624237
542.213600 -261.366100 540.534912 -251.608185
548.376000 -266.436600 546.592773 -256.583466
554.549300 -271.525400 552.721436 -261.565552
560.720400 -276.614600 558.822021 -266.621185
566.895900 -281.702100 564.961121 -271.690063
573.077300 -286.787100 571.084595 -276.714752
579.254000 -291.852900 577.163452 -281.708801
585.438300 -296.913900 583.318115 -286.730591
591.610800 -301.938300 589.436707 -291.693634
597.802700 -306.948800 595.558228 -296.623535
604.002400 -311.952300 601.682007 -301.563751
610.204100 -316.963500 607.786987 -306.538940
616.401400 -321.978100 613.919434 -311.522247
622.606700 -326.989100 620.082153 -316.534149
628.813800 -331.994200 626.220581 -321.487396
635.032400 -336.999800 632.345825 -326.440063
641.237400 -341.988600 638.493347 -331.403168
647.445400 -346.968600 644.662231 -336.350372
653.662300 -351.935500 650.809692 -341.298676
659.877900 -356.880600 657.001953 -346.250061
666.112000 -361.828900 663.156982 -351.169739
672.350500 -366.769500 669.321289 -356.085327
678.587600 -371.720300 675.481323 -360.993042
684.819800 -376.684200 681.606262 -365.907318
691.040800 -381.648800 687.769226 -370.815430
697.271000 -386.614300 693.899292 -375.742188
703.506500 -391.568600 699.987732 -380.614044
709.744100 -396.517700 706.134949 -385.526337
715.983900 -401.433800 712.307434 -390.417328
722.229600 -406.329600 718.497009 -395.332611
728.498300 -411.207700 724.673767 -400.179810
734.766400 -416.073400 730.899231 -405.095612
741.047900 -420.934000 737.092346 -409.974487
747.328900 -425.791700 743.295532 -414.881287
753.611600 -430.654100 749.473877 -419.765198
759.909100 -435.497600 755.664917 -424.580536
766.234600 -440.329500 761.918945 -429.423370
772.573000 -445.140400 768.180359 -434.273407
778.917600 -449.932200 774.449280 -439.053833
785.270600 -454.711000 780.750854 -443.854431
791.604400 -459.487600 786.989380 -448.628296
797.914000 -464.271400 793.195862 -453.388306
804.202800 -469.044800 799.409058 -458.170532
810.490200 -473.819600 805.618835 -462.963104
816.791500 -478.590500 811.827087 -467.740601
823.116400 -483.340400 818.058716 -472.494324
829.464500 -488.061400 824.353149 -477.227203
835.854100 -492.776100 830.671021 -481.958801
842.262300 -497.485400 836.976196 -486.655426
848.682700 -502.196400 843.330811 -491.388275
855.114700 -506.913500 849.689331 -496.128082
861.557000 -511.637000 856.031616 -500.852295
868.011600 -516.355400 862.489929 -505.654572
874.441900 -521.049300 868.848816 -510.363525
880.882200 -525.706500 875.241943 -515.099243
887.323800 -530.307900 881.606689 -519.743652
893.755000 -534.861900 888.057007 -524.442444
900.174200 -539.374300 894.413879 -529.028625
906.591000 -543.848100 900.751587 -533.559326
912.989900 -548.291900 907.068726 -538.039612
919.400600 -552.731200 913.397766 -542.521484
925.806600 -557.125700 919.706421 -546.929871
932.226300 -561.535200 926.021545 -551.356873
938.632500 -565.932700 932.349365 -555.778992
945.057500 -570.322000 938.705444 -560.203552
951.507700 -574.710200 945.068359 -564.576721
957.980400 -579.074900 951.469971 -568.978149
964.464000 -583.424600 957.873962 -573.338440
970.963300 -587.758200 964.193604 -577.653137
977.455300 -592.093300 970.577698 -581.974670
983.961700 -596.421100 977.038574 -586.331360
990.461700 -600.766400 983.509521 -590.747986
996.966300 -605.096100 989.952698 -595.131775
1003.471000 -609.407800 996.261658 -599.393250
1009.973000 -613.695400 1002.513184 -603.605835
1016.458000 -617.959200 1008.806763 -607.816650
1022.925000 -622.217200 1015.186096 -612.071106
1029.367000 -626.452700 1021.518250 -616.293823
1035.804000 -630.641600 1027.855225 -620.488892
1042.231000 -634.798800 1034.147705 -624.634644
1048.656000 -638.946200 1040.410034 -628.753052
1055.084000 -643.051500 1046.690186 -632.806641
1061.525000 -647.144100 1052.931152 -636.852783
1067.966000 -651.185500 1059.207642 -640.891113
1074.401000 -655.235300 1065.517822 -644.928101
1080.840000 -659.293400 1071.802856 -648.977112
1087.270000 -663.328400 1078.146362 -653.039124
1093.718000 -667.347400 1084.452393 -657.055664
1100.195000 -671.340900 1090.764160 -661.027710
1106.668000 -675.317100 1097.018921 -664.928345
1113.157000 -679.272000 1103.366821 -668.910034
1119.659000 -683.201000 1109.714478 -672.851562
1126.198000 -687.131900 1116.125244 -676.804993
1132.753000 -691.046400 1122.546753 -680.752136
1139.341000 -694.955400 1128.956299 -684.656433
1145.954000 -698.852200 1135.380615 -688.547974
1152.585000 -702.740800 1141.901611 -692.502991
1159.229000 -706.637800 1148.460083 -696.467285
1165.886000 -710.538400 1154.998779 -700.416992
1172.562000 -714.459000 1161.520264 -704.347717
1179.271000 -718.394000 1168.068726 -708.285767
1186.021000 -722.344800 1174.661255 -712.242004
1192.784000 -726.294800 1181.325684 -716.257507
1199.585000 -730.258400 1188.025024 -720.241699
1206.417000 -734.212600 1194.742798 -724.239136
1213.283000 -738.159200 1201.454712 -728.204346
1220.173000 -742.105200 1208.171753 -732.136719
1227.101000 -746.027900 1214.960571 -736.065735
1234.074000 -749.929400 1221.735596 -739.953003
1241.082000 -753.823500 1228.592163 -743.926331
1248.123000 -757.717500 1235.471069 -747.855591
1255.209000 -761.611600 1242.344482 -751.801392
1262.318000 -765.501500 1249.283325 -755.704102
1269.473000 -769.393200 1256.293701 -759.660339
1276.670000 -773.287000 1263.293945 -763.561829
1283.885000 -777.170800 1270.355103 -767.427368
1291.103000 -781.040700 1277.455811 -771.340393
1298.329000 -784.899000 1284.549683 -775.264587
1305.561000 -788.742100 1291.661865 -779.162964
1312.794000 -792.571300 1298.822754 -783.090454
1320.032000 -796.384600 1305.949951 -786.958557
1327.287000 -800.172300 1313.153320 -790.852356
1334.542000 -803.950000 1320.275391 -794.683655
1341.797000 -807.723100 1327.387817 -798.507446
1349.058000 -811.481900 1334.455566 -802.263916
1356.319000 -815.232700 1341.534668 -806.055725
1363.568000 -818.960500 1348.706787 -809.843689
1370.797000 -822.663500 1355.882568 -813.617798
1378.014000 -826.342400 1363.019043 -817.359009
1385.241000 -830.002800 1370.137939 -821.049072
1392.473000 -833.639800 1377.295532 -824.742432
1399.712000 -837.258600 1384.393677 -828.377686
1406.940000 -840.856000 1391.487061 -831.967041
1414.145000 -844.419900 1398.555908 -835.525696
1421.338000 -847.958700 1405.614502 -839.058105
1428.540000 -851.473700 1412.632935 -842.559082
1435.735000 -854.974700 1419.728027 -846.065369
1442.936000 -858.462100 1426.756348 -849.516235
1450.116000 -861.922600 1433.729370 -852.966980
1457.288000 -865.353900 1440.770752 -856.438110
1464.432000 -868.758100 1447.810059 -859.843750
1471.550000 -872.135000 1454.830566 -863.203430
1478.642000 -875.485100 1461.808960 -866.563538
1485.696000 -878.796500 1468.749268 -869.929810
1492.712000 -882.085000 1475.646973 -873.252625
1499.686000 -885.346400 1482.533203 -876.554688
1506.608000 -888.579300 1489.244019 -879.811584
1513.510000 -891.787400 1496.079224 -883.026306
1520.388000 -894.966500 1502.812866 -886.278442
1527.242000 -898.117000 1509.502808 -889.488037
1534.067000 -901.240100 1516.200684 -892.644836
1540.873000 -904.334900 1522.873047 -895.775696
1547.641000 -907.393900 1529.536133 -898.900635
1554.374000 -910.425200 1536.093628 -902.003540
1561.071000 -913.426300 1542.658447 -905.064514
1567.716000 -916.424100 1549.214600 -908.159302
1574.331000 -919.426300 1555.725586 -911.222656
1580.910000 -922.431500 1562.226318 -914.303223
1587.477000 -925.449400 1568.692871 -917.399414
1593.998000 -928.484000 1575.074585 -920.512939
1600.456000 -931.552300 1581.337158 -923.600342
1606.851000 -934.653500 1587.560181 -926.769836
1613.177000 -937.795300 1593.780029 -930.062256
1619.446000 -940.960600 1599.960815 -933.346130
1625.639000 -944.138700 1605.989502 -936.606445
1631.780000 -947.302000 1612.025635 -939.900146
1637.876000 -950.461600 1618.009399 -943.143677
1643.920000 -953.598100 1623.946899 -946.381104
1649.931000 -956.702500 1629.840698 -949.557556
1655.907000 -959.742900 1635.743530 -952.701233
1661.857000 -962.732200 1641.558472 -955.769409
1667.828000 -965.652000 1647.418213 -958.789734
1673.786000 -968.517000 1653.245117 -961.768738
1679.740000 -971.331200 1659.078613 -964.693359
1685.682000 -974.128800 1664.922729 -967.635132
1691.585000 -976.910500 1670.715698 -970.549438
1697.460000 -979.678900 1676.492554 -973.480042
1703.321000 -982.431100 1682.218384 -976.356201
1709.144000 -985.145100 1687.927124 -979.202271
1714.950000 -987.831400 1693.628052 -982.028931
1720.748000 -990.466700 1699.271729 -984.751831
1726.528000 -993.063100 1704.939575 -987.483154
1732.261000 -995.615600 1710.552246 -990.171997
1737.915000 -998.126400 1716.120728 -992.853882
1743.475000 -1000.590000 1721.503540 -995.440369
1748.971000 -1002.990000 1726.824097 -997.978027
1754.388000 -1005.375000 1732.158936 -1000.533447
1759.751000 -1007.751000 1737.409668 -1003.095337
1764.998000 -1010.123000 1742.586914 -1005.659058
1770.113000 -1012.467000 1747.621948 -1008.176208
1775.097000 -1014.785000 1752.482910 -1010.652100
1779.954000 -1017.080000 1757.238281 -1013.095398
1784.649000 -1019.347000 1761.804688 -1015.493591
1789.178000 -1021.604000 1766.292725 -1017.889771
1793.508000 -1023.881000 1770.555176 -1020.299561
1797.645000 -1026.269000 1774.616577 -1022.824463
1801.573000 -1028.814000 1778.468872 -1025.492065
1805.302000 -1031.525000 1782.131226 -1028.325684
1808.823000 -1034.439000 1785.551270 -1031.349609
1812.120000 -1037.563000 1788.773438 -1034.556396
1815.169000 -1040.921000 1791.739258 -1037.998901
1817.931000 -1044.484000 1794.416992 -1041.661499
1820.326000 -1048.207000 1796.768799 -1045.499878
1822.465000 -1052.152000 1798.757812 -1049.479004
1824.255000 -1056.260000 1800.403076 -1053.625366
1825.688000 -1060.491000 1801.699463 -1057.885986
1826.758000 -1064.825000 1802.642944 -1062.266602
1827.464000 -1069.230000 1803.220947 -1066.708862
1827.812000 -1073.687000 1803.438721 -1071.201294
1827.812000 -1078.165000 1803.314697 -1075.708496
1827.468000 -1082.643000 1802.842041 -1080.206299
1826.704000 -1087.072000 1802.006592 -1084.683838
1825.633000 -1091.489000 1800.797729 -1089.085693
1824.183000 -1095.811000 1799.208618 -1093.376099
1822.357000 -1099.995000 1797.243652 -1097.533081
1820.139000 -1103.994000 1794.920410 -1101.524902
1817.589000 -1107.799000 1792.244263 -1105.281494
1814.723000 -1111.351000 1789.243286 -1108.797119
1811.551000 -1114.626000 1785.931396 -1112.036621
1808.088000 -1117.606000 1782.302979 -1115.003052
1804.284000 -1120.246000 1778.437134 -1117.621582
1800.315000 -1122.623000 1774.332764 -1119.914062
1796.124000 -1124.692000 1769.981323 -1121.904907
1791.742000 -1126.471000 1765.452759 -1123.609741
1787.194000 -1127.955000 1760.769531 -1125.000000
1782.506000 -1129.180000 1755.898193 -1126.131592
1777.702000 -1130.193000 1750.975098 -1127.028931
1772.797000 -1131.038000 1745.957031 -1127.739258
1767.796000 -1131.740000 1740.809448 -1128.333130
1762.736000 -1132.348000 1735.641235 -1128.834351
1757.655000 -1132.885000 1730.470093 -1129.242554
1752.565000 -1133.366000 1725.304932 -1129.593994
1747.458000 -1133.818000 1720.108887 -1129.911621
1742.342000 -1134.251000 1714.912476 -1130.220703
1737.220000 -1134.667000 1709.732178 -1130.493530
1732.115000 -1135.064000 1704.576904 -1130.770996
1727.075000 -1135.441000 1699.503662 -1131.014648
1722.082000 -1135.788000 1694.479858 -1131.225830
1717.161000 -1136.086000 1689.551880 -1131.381226
1712.341000 -1136.271000 1684.703491 -1131.431396
1707.613000 -1136.285000 1679.959351 -1131.333496
1703.031000 -1136.085000 1675.312012 -1130.998901
1698.586000 -1135.613000 1670.814819 -1130.391357
1694.241000 -1134.791000 1666.443237 -1129.473511
1689.991000 -1133.671000 1662.196899 -1128.200562
1685.870000 -1132.171000 1658.127441 -1126.537964
1681.961000 -1130.284000 1654.263672 -1124.503052
1678.306000 -1127.996000 1650.583130 -1122.060669
1674.826000 -1125.267000 1647.274780 -1119.272949
1671.787000 -1122.274000 1644.234375 -1116.138916
1669.099000 -1118.972000 1641.588989 -1112.694824
1666.783000 -1115.408000 1639.303833 -1108.975952
1664.817000 -1111.609000 1637.403564 -1105.049316
1663.209000 -1107.637000 1635.884888 -1100.946045
1661.958000 -1103.507000 1634.685303 -1096.649048
1661.115000 -1099.284000 1633.909912 -1092.328735
1660.724000 -1094.939000 1633.624756 -1087.865723
1660.665000 -1090.516000 1633.800781 -1083.406738
1661.140000 -1086.159000 1634.404419 -1078.910767
1662.049000 -1081.841000 1635.470093 -1074.414551
1663.374000 -1077.556000 1636.939209 -1070.035156
1665.055000 -1073.325000 1638.794556 -1065.673706
1667.040000 -1069.131000 1640.963867 -1061.401978
1669.233000 -1064.989000 1643.345093 -1057.191040
1671.640000 -1060.840000 1645.923340 -1052.990723
1674.135000 -1056.683000 1648.614258 -1048.746582
1676.716000 -1052.451000 1651.363037 -1044.486450
1679.381000 -1048.145000 1654.166138 -1040.148926
