0.000000 -0.000000 0.000000 0.000000
0.020455 2.389887 -0.022526 2.273671
0.038167 4.630767 -0.029061 4.417204
0.062475 6.584575 -0.041335 6.382456
0.078062 8.294502 -0.018729 8.145113
0.036300 9.647129 -0.005160 9.631789
0.037691 10.755690 0.005589 10.862116
0.070396 11.572020 0.053544 11.818873
0.096690 12.008000 0.083565 12.513265
0.124405 12.280970 0.102289 13.030106
0.106056 12.366960 0.117814 13.474263
0.125276 12.480720 0.137774 13.868985
0.156946 12.590120 0.162450 14.249536
0.151509 12.702880 0.169576 14.624378
0.146149 12.836600 0.162196 14.987932
0.118103 12.986600 0.141272 15.406204
0.046011 13.251830 0.055768 15.903569
-0.102743 13.662450 -0.110826 16.561165
-0.377391 14.237180 -0.362688 17.314240
-0.803739 14.918100 -0.771430 18.130581
-1.393517 15.599510 -1.340494 18.958408
-2.183640 16.257910 -2.102027 19.778166
-3.168635 16.891620 -3.092563 20.594158
-4.410526 17.491970 -4.319112 21.285934
-5.887262 17.957870 -5.767359 21.854790
-7.603442 18.241840 -7.443125 22.191593
-9.593783 18.333530 -9.258040 22.318110
-11.737930 18.262400 -11.269873 22.255310
-14.123570 18.137210 -13.510417 22.154438
-16.660080 18.043560 -15.922878 22.088520
-19.380350 17.941480 -18.522825 22.025723
-22.232040 17.791200 -21.268047 21.909107
-25.294530 17.612590 -24.276011 21.779726
-28.420350 17.436630 -27.322578 21.646425
-31.735350 17.259230 -30.382612 21.468685
-35.061830 17.012340 -33.540104 21.234612
-38.405680 16.701380 -36.745483 20.931776
-41.726310 16.376210 -39.990280 20.603189
-45.021050 16.012440 -43.228203 20.273241
-48.346970 15.612790 -46.525536 19.949728
-51.676860 15.192430 -49.843735 19.642227
-55.031060 14.742560 -53.223484 19.337194
-58.401830 14.329930 -56.644215 19.131290
-61.829840 14.034770 -60.095707 18.987797
-65.245090 13.824430 -63.563259 18.897505
-68.803470 13.628730 -67.092972 18.838106
-72.396330 13.444870 -70.625069 18.779224
-76.040760 13.365020 -74.193825 18.753717
-79.629870 13.286290 -77.733635 18.725849
-83.178040 13.172320 -81.292809 18.695993
-86.806450 13.116270 -84.832603 18.676550
-90.407370 13.030230 -88.345291 18.642775
-93.932750 12.938240 -91.850838 18.625008
-97.425940 12.830290 -95.335495 18.598480
-100.921800 12.721040 -98.821754 18.563847
-104.418700 12.646790 -102.315109 18.553745
-107.950700 12.574710 -105.805252 18.527302
-111.506500 12.491980 -109.340012 18.494007
-115.125400 12.427530 -112.918938 18.475754
-118.791400 12.356860 -116.601776 18.449274
-122.506900 12.277580 -120.330208 18.404152
-126.283000 12.162340 -124.131943 18.322294
-130.058300 12.056810 -127.906219 18.254446
-133.838200 11.940140 -131.679138 18.176949
-137.647000 11.763370 -135.446320 18.135296
-141.424200 11.624670 -139.205872 18.082911
-145.185900 11.523690 -142.986740 18.024925
-148.919300 11.449460 -146.688980 18.002535
-152.638200 11.381770 -150.459305 17.967285
-156.350400 11.310530 -154.174698 17.950733
-160.047400 11.214060 -157.861343 17.924728
-163.709400 11.107560 -161.553787 17.869715
-167.360400 10.983380 -165.192062 17.861134
-170.967600 10.933720 -168.892380 17.855858
-174.571400 10.876820 -172.571320 17.854334
-178.137200 10.833080 -176.169205 17.857803
-181.490500 10.796130 -179.538193 17.874643
-184.602400 10.773720 -182.694275 17.889175
-187.458300 10.758840 -185.572418 17.920362
-190.232700 10.733900 -188.358444 17.923916
-192.986900 10.663320 -191.119888 17.892813
-195.706100 10.585910 -193.886597 17.846695
-198.416300 10.495740 -196.625916 17.801216
-201.152700 10.412030 -199.381210 17.752285
-203.946700 10.341460 -202.181290 17.724953
-206.802300 10.298350 -205.000504 17.687248
-209.757100 10.317680 -207.920288 17.664120
-212.804800 10.361070 -210.941895 17.677767
-215.930200 10.396430 -214.022614 17.685528
-219.012900 10.360590 -217.120667 17.747614
-222.155100 10.298380 -220.311203 17.795700
-225.365500 10.246810 -223.564575 17.872272
-228.707300 10.215510 -226.886765 17.935593
-232.112300 10.220950 -230.304504 18.000202
-235.564300 10.214940 -233.742920 18.044159
-239.104300 10.217730 -237.313156 18.104095
-242.702700 10.183390 -240.907913 18.117876
-246.347300 10.130220 -244.576920 18.114977
-250.052800 10.036800 -248.310150 18.076233
-253.773800 9.880518 -252.096268 18.006193
-257.535100 9.718989 -255.846024 17.931763
-261.300500 9.591512 -259.588257 17.865543
-265.059000 9.459547 -263.343475 17.800968
-268.826900 9.337703 -267.090179 17.750259
-272.549600 9.176257 -270.827728 17.676306
-276.263700 8.976101 -274.501923 17.597698
-279.947200 8.832825 -278.193420 17.546492
-283.650400 8.715404 -281.865082 17.482798
-287.322900 8.610515 -285.534088 17.438421
-290.988400 8.505150 -289.202148 17.390484
-294.654700 8.394904 -292.861633 17.350645
-298.320400 8.294475 -296.531891 17.302845
-302.013000 8.169718 -300.226471 17.245012
-305.746200 8.074212 -303.949524 17.197857
-309.494500 7.982975 -307.667908 17.152607
-313.220200 7.863686 -311.384247 17.080673
-316.989500 7.782544 -315.095795 17.013060
-320.754000 7.679468 -318.849091 16.975664
-324.529500 7.563218 -322.623932 16.931459
-328.344000 7.456111 -326.378387 16.888069
-332.109700 7.347334 -330.151428 16.859230
-335.860100 7.242255 -333.888947 16.843988
-339.608800 7.147781 -337.639526 16.795473
-343.309300 7.053936 -341.338348 16.794994
-346.907500 6.957315 -344.981140 16.783501
-350.384600 6.860419 -348.458771 16.773832
-353.708400 6.768393 -351.783173 16.753635
-356.877800 6.663296 -354.966797 16.734077
-360.001200 6.552425 -358.095551 16.688986
-363.041000 6.435692 -361.177216 16.636808
-365.855800 6.345080 -364.053497 16.609318
-368.437600 6.307072 -366.698608 16.632795
-370.781400 6.383962 -369.118500 16.749119
-372.865900 6.648568 -371.263000 17.064068
-374.725000 7.109350 -373.154480 17.562653
-376.363200 7.741893 -374.835327 18.265366
-377.862400 8.633829 -376.357025 19.187439
-379.196300 9.712570 -377.714844 20.337372
-380.348700 10.965970 -378.889801 21.690689
-381.385700 12.448140 -379.930206 23.237259
-382.260100 14.122720 -380.815582 24.990829
-383.010800 15.994530 -381.541199 26.937599
-383.610300 18.057930 -382.114166 29.056374
-384.100300 20.314520 -382.553711 31.373734
-384.497100 22.748260 -382.898590 33.855869
-384.776600 25.364410 -383.133942 36.484421
-384.988900 28.128190 -383.293976 39.308998
-385.212700 31.086220 -383.410278 42.244785
-385.449300 34.192050 -383.508148 45.254196
-385.780600 37.315730 -383.586182 48.296268
-386.061000 40.426600 -383.653351 51.361267
-386.229000 43.492690 -383.693939 54.399212
-386.309000 46.518630 -383.717682 57.414173
-386.383200 49.505740 -383.731659 60.394970
-386.435500 52.415800 -383.731873 63.315933
-386.493200 55.225360 -383.720703 66.106438
-386.554400 57.943820 -383.690826 68.806763
-386.610300 60.578530 -383.621948 71.414474
-386.585600 63.079020 -383.515259 73.916428
-386.370900 65.433820 -383.280701 76.288330
-385.914800 67.648300 -382.876343 78.527000
-385.249200 69.694860 -382.295074 80.590950
-384.335100 71.573620 -381.543762 82.519440
-383.335600 73.255020 -380.668488 84.244469
-382.295300 74.818880 -379.602509 85.788124
-381.091700 76.191700 -378.291077 87.124634
-379.774700 77.364460 -376.824249 88.230789
-378.271000 78.251970 -375.198608 89.149994
-376.573900 78.987050 -373.445953 89.847145
-374.728100 79.537850 -371.564545 90.352692
-372.739900 79.941840 -369.533386 90.726112
-370.607000 80.199980 -367.402649 90.944618
-368.370300 80.415580 -365.165894 91.092438
-366.032000 80.571350 -362.809540 91.194069
-363.598400 80.673300 -360.361328 91.215668
-361.071700 80.716320 -357.820099 91.186859
-358.469900 80.705850 -355.202972 91.101967
-355.832800 80.638300 -352.538574 90.964005
-353.161000 80.553900 -349.859863 90.820473
-350.450100 80.465550 -347.141876 90.670013
-347.763100 80.398460 -344.442566 90.548294
-345.086900 80.370740 -341.724365 90.440399
-342.417400 80.402970 -339.057404 90.423965
-339.774100 80.483360 -336.413269 90.448952
-337.139800 80.575110 -333.817139 90.469460
-334.528900 80.693480 -331.213379 90.502045
-331.932700 80.824510 -328.591156 90.528893
-329.325200 80.918500 -325.955322 90.546516
-326.739100 80.990700 -323.310120 90.524872
-324.144100 81.038770 -320.700592 90.492538
-321.562300 81.091140 -318.095001 90.455574
-319.011600 81.190070 -315.503967 90.450439
-316.450900 81.308090 -312.922150 90.476501
-313.909200 81.444650 -310.336823 90.512253
-311.391900 81.580060 -307.764740 90.558388
-308.876400 81.706970 -305.219879 90.592964
-306.378900 81.849250 -302.689087 90.637283
-303.888700 81.994400 -300.171844 90.683029
-301.376300 82.158190 -297.662140 90.756905
-298.832900 82.325730 -295.084991 90.847786
-296.237900 82.504140 -292.493408 90.958618
-293.590400 82.683410 -289.822388 91.071861
-290.876600 82.853340 -287.111542 91.173012
-288.120000 82.987710 -284.343384 91.228050
-285.314700 83.062010 -281.499847 91.217941
-282.460400 83.089330 -278.635193 91.178192
-279.611400 83.105040 -275.767914 91.128822
-276.801100 83.107970 -272.954559 91.033638
-274.051500 83.099890 -270.215790 90.946205
-271.353100 83.054870 -267.511261 90.827118
-268.676800 82.970950 -264.850433 90.664597
-266.029200 82.903900 -262.223969 90.519516
-263.418800 82.873250 -259.612549 90.414642
-260.804200 82.903330 -256.988220 90.356155
-258.168800 82.990410 -254.381653 90.364883
-255.510500 83.145560 -251.710800 90.455658
-252.844700 83.373830 -249.026093 90.617401
-250.152200 83.637690 -246.340271 90.791862
-247.440300 83.910960 -243.628021 90.984795
-244.714300 84.178610 -240.922958 91.159470
-242.002000 84.383000 -238.222336 91.286369
-239.314700 84.514710 -235.525558 91.331879
-236.657500 84.567850 -232.854584 91.302032
-234.029000 84.526210 -230.226593 91.188370
-231.443300 84.405890 -227.620667 90.982224
-228.920700 84.255810 -225.090134 90.760651
-226.536800 84.105460 -222.700867 90.527023
-224.322600 83.973260 -220.504059 90.341637
-222.317800 83.852920 -218.515396 90.171295
-220.525500 83.748690 -216.747284 90.021942
-218.913500 83.654780 -215.146164 89.915497
-217.491400 83.614870 -213.748993 89.855652
-216.200400 83.663530 -212.495132 89.896851
-214.975300 83.890580 -211.270416 90.094337
-213.812900 84.303130 -210.129242 90.458504
-212.768400 84.851980 -209.118210 90.929520
-211.819400 85.505150 -208.186035 91.485138
-210.944500 86.249430 -207.300644 92.181770
-210.114900 87.190980 -206.379196 93.081512
-209.375900 88.379450 -205.572006 94.234634
-208.685500 89.786110 -204.887268 95.610291
-208.120100 91.447000 -204.263565 97.236084
-207.636800 93.318040 -203.744736 99.078064
-207.343700 95.377570 -203.430511 101.089455
-207.198500 97.677330 -203.253983 103.333290
-207.176800 100.117600 -203.180054 105.787239
-207.235900 102.732400 -203.214828 108.427094
-207.357900 105.495500 -203.289810 111.227386
-207.446900 108.321400 -203.325378 114.089905
-207.501200 111.206800 -203.320038 117.003792
-207.496800 114.153500 -203.233200 119.976273
-207.467000 117.040300 -203.159317 122.890350
-207.357100 119.818100 -203.072739 125.806366
-207.231600 122.580500 -202.971909 128.659760
-207.169600 125.360700 -202.878738 131.528183
-207.151600 128.086900 -202.844925 134.327606
-207.158900 130.676600 -202.815994 136.950287
-207.192200 133.099300 -202.809387 139.412857
-207.257200 135.311800 -202.855820 141.645905
-207.357800 137.293400 -202.943771 143.649185
-207.516000 139.039300 -203.072556 145.427795
-207.792700 140.624300 -203.357910 147.036606
-208.199400 142.155800 -203.726761 148.532043
-208.796100 143.591400 -204.294556 149.916809
-209.578000 144.906500 -204.994812 151.186920
-210.509400 146.123000 -205.849762 152.395752
-211.640600 147.221600 -206.888794 153.583069
-212.986500 148.243400 -208.218613 154.677307
-214.560800 149.101800 -209.769226 155.537720
-216.375500 149.752000 -211.571198 156.191788
-218.364200 150.183000 -213.558121 156.658600
-220.495700 150.431900 -215.671066 156.905151
-222.758400 150.560900 -217.962906 157.071121
-225.125500 150.643600 -220.332352 157.194962
-227.596900 150.727300 -222.830872 157.329422
-230.175200 150.835400 -225.431320 157.481491
-232.870900 150.954400 -228.126099 157.641144
-235.686400 151.084500 -230.961945 157.798019
-238.634600 151.219200 -233.897552 157.972519
-241.714000 151.324200 -236.954483 158.120605
-244.893500 151.370200 -240.126709 158.197876
-248.152800 151.340800 -243.391632 158.217163
-251.386800 151.245500 -246.612991 158.152374
-254.628800 151.083900 -249.856003 158.036591
-257.855100 150.860900 -253.069809 157.843521
-260.989500 150.595900 -256.202423 157.611694
-263.979600 150.335600 -259.212463 157.406769
-266.766600 150.087700 -262.007996 157.195740
-269.368500 149.866200 -264.603699 157.012009
-271.910000 149.696000 -267.145935 156.870422
-274.432000 149.547300 -269.651855 156.756805
-276.917800 149.419800 -272.130432 156.670898
-279.393400 149.337600 -274.640808 156.611115
-281.842600 149.284100 -277.083893 156.593811
-284.327000 149.245300 -279.595703 156.584213
-286.851400 149.215900 -282.116821 156.587433
-289.374600 149.175400 -284.639160 156.592758
-291.872700 149.113700 -287.161102 156.559418
-294.367000 149.035300 -289.666443 156.522339
-296.900400 148.946800 -292.207916 156.457443
-299.496800 148.857900 -294.821198 156.407379
-302.152700 148.763000 -297.491547 156.349701
-304.894400 148.662700 -300.293213 156.303314
-307.698800 148.565200 -303.121399 156.244202
-310.542800 148.472300 -305.999390 156.188843
-313.401900 148.388500 -308.870514 156.143661
-316.253600 148.309200 -311.722900 156.101227
-319.087100 148.246300 -314.541016 156.062317
-321.874200 148.159600 -317.357941 156.040451
-324.643500 148.080700 -320.113617 156.015991
-327.380000 148.017900 -322.860870 155.992294
-330.084600 147.943700 -325.543488 155.968216
-332.768800 147.879400 -328.189362 155.952637
-335.339000 147.849200 -330.758331 155.931931
-337.917500 147.821400 -333.314636 155.932816
-340.461700 147.771400 -335.837555 155.908615
-342.975500 147.703700 -338.327881 155.867966
-345.507800 147.596800 -340.854736 155.800797
-348.088400 147.502000 -343.419220 155.731506
-350.695500 147.387300 -346.014130 155.643021
-353.357500 147.254200 -348.623138 155.546661
-356.035100 147.123000 -351.274811 155.433273
-358.706400 146.987600 -353.951752 155.305008
-361.365400 146.869000 -356.611542 155.210800
-363.998800 146.747300 -359.239746 155.104752
-366.592400 146.651500 -361.822357 155.024170
-369.103200 146.586000 -364.318390 154.987579
-371.498800 146.552500 -366.718872 154.983139
-373.734100 146.569400 -368.951141 155.022720
-375.766000 146.687900 -370.994965 155.167023
-377.587800 146.923500 -372.821594 155.427277
-379.228200 147.254000 -374.452759 155.779053
-380.680100 147.681500 -375.888184 156.201874
-381.983900 148.240600 -377.227081 156.802826
-383.189300 148.967100 -378.406006 157.531952
-384.260600 149.832600 -379.484131 158.424652
-385.261700 150.822900 -380.475677 159.410446
-386.189600 152.026900 -381.426208 160.677170
-387.088300 153.508400 -382.312561 162.184906
-387.803500 155.255200 -382.998993 163.956940
-388.328200 157.227600 -383.520081 165.957626
-388.690100 159.390500 -383.851288 168.151932
-388.914300 161.727400 -384.032898 170.495575
-389.033800 164.223600 -384.104736 173.024979
-389.107700 166.899500 -384.125793 175.715378
-389.177200 169.703100 -384.131958 178.518127
-389.249200 172.602600 -384.141663 181.427429
-389.294800 175.566200 -384.160187 184.398148
-389.340400 178.518800 -384.176727 187.376648
-389.408400 181.466200 -384.207275 190.327408
-389.477100 184.395100 -384.211304 193.250244
-389.534000 187.303900 -384.212769 196.158676
-389.596100 190.151400 -384.225433 198.996414
-389.650400 192.868100 -384.257263 201.732361
-389.688600 195.381200 -384.255768 204.262573
-389.706500 197.729300 -384.225037 206.632782
-389.637200 199.881000 -384.114685 208.809265
-389.406500 201.894300 -383.853027 210.849106
-388.964400 203.824800 -383.366211 212.804184
-388.237500 205.641900 -382.588440 214.599503
-387.225600 207.247400 -381.574921 216.263824
-385.985200 208.725400 -380.300903 217.740387
-384.487500 210.025200 -378.800598 219.054108
-382.766900 211.133700 -377.069946 220.128342
-380.848000 212.024300 -375.133911 221.017944
-378.741200 212.710800 -373.038208 221.681610
-376.473400 213.257300 -370.768463 222.195740
-374.038800 213.683400 -368.330688 222.576981
-371.458500 214.025200 -365.762115 222.870895
-368.731200 214.304000 -363.037872 223.113480
-365.907000 214.548400 -360.210632 223.321075
-362.986400 214.774600 -357.315125 223.499741
-360.000500 214.982500 -354.314362 223.671051
-356.946700 215.144300 -351.277740 223.788544
-353.844800 215.269100 -348.205048 223.880707
-350.728200 215.343800 -345.074554 223.923462
-347.621800 215.396600 -341.996857 223.940277
-344.503600 215.436100 -338.882782 223.930450
-341.404500 215.431500 -335.803772 223.889694
-338.307200 215.374700 -332.725311 223.780304
-335.222900 215.258300 -329.634766 223.612717
-332.176900 215.090700 -326.601105 223.379333
-329.113900 214.919400 -323.574524 223.147049
-326.083300 214.755000 -320.571777 222.903549
-323.035500 214.645100 -317.517151 222.726486
-319.997700 214.594500 -314.499573 222.626892
-316.949800 214.613400 -311.469849 222.591492
-313.894600 214.701700 -308.442719 222.617325
-310.834000 214.851800 -305.377991 222.707520
-307.768800 215.021500 -302.341553 222.830338
-304.682000 215.209600 -299.211761 222.944839
-301.619300 215.403400 -296.152679 223.094223
-298.564100 215.602100 -293.116119 223.244690
-295.523500 215.774500 -290.081360 223.371338
-292.524500 215.925700 -287.108215 223.457840
-289.569200 216.080100 -284.167938 223.554062
-286.686000 216.208000 -281.313477 223.639847
-283.844300 216.320800 -278.476318 223.707977
-281.075400 216.414900 -275.714630 223.765030
-278.384800 216.482400 -273.032501 223.764862
-275.749900 216.524700 -270.399811 223.774231
-273.211000 216.563500 -267.871674 223.765213
-270.786900 216.596800 -265.455383 223.755112
-268.452200 216.627400 -263.126068 223.735748
-266.210100 216.670200 -260.869049 223.728378
-264.057900 216.715000 -258.737305 223.721375
-261.977600 216.758700 -256.675537 223.706329
-260.009300 216.805500 -254.725098 223.709671
-258.118000 216.846900 -252.833115 223.705002
-256.324100 216.892100 -251.082947 223.719452
-254.591600 216.937100 -249.347382 223.736679
-252.914000 216.968800 -247.709824 223.739227
-251.261500 217.002300 -246.056793 223.754395
-249.623300 217.030600 -244.430313 223.753387
-248.000000 217.075100 -242.814178 223.774628
-246.394700 217.123600 -241.193954 223.792603
-244.798500 217.177700 -239.609955 223.810013
-243.238500 217.242300 -238.054672 223.836700
-241.697700 217.301200 -236.512268 223.875793
-240.159500 217.379600 -234.983276 223.920456
-238.623700 217.447500 -233.451828 223.959473
-237.098100 217.517700 -231.934250 223.994995
-235.568700 217.578300 -230.383713 224.022629
-234.013600 217.632400 -228.828506 224.029861
-232.429300 217.675500 -227.252487 224.043259
-230.825000 217.709000 -225.635727 224.042511
-229.213500 217.727400 -224.026703 224.035095
-227.620200 217.743200 -222.421539 224.027145
-226.038600 217.749200 -220.837631 224.005844
-224.474500 217.720600 -219.272812 223.946701
-222.943700 217.646400 -217.746002 223.843628
-221.517500 217.497700 -216.325516 223.660187
-220.196400 217.264300 -215.024902 223.393051
-219.015400 216.979300 -213.848343 223.070679
-218.000600 216.671300 -212.831329 222.737076
-217.074300 216.316400 -211.895493 222.354111
-216.224900 215.882000 -211.077560 221.926239
-215.453800 215.357600 -210.292816 221.421783
-214.757400 214.782900 -209.588562 220.833008
-214.077200 214.065600 -208.908783 220.102493
-213.459700 213.182900 -208.296997 219.168747
-212.907500 212.086400 -207.767334 218.095337
-212.452200 210.870600 -207.333832 216.837402
-212.114300 209.456600 -207.026825 215.396652
-211.858500 207.837000 -206.817108 213.747940
-211.742000 206.028400 -206.738876 211.936691
-211.736300 204.033600 -206.790619 209.921921
-211.766900 201.873300 -206.870941 207.748199
-211.796200 199.533500 -206.955719 205.401123
-211.786800 197.027400 -207.020752 202.891174
-211.759900 194.373900 -207.067078 200.262436
-211.697900 191.633600 -207.080292 197.530869
-211.626700 188.816000 -207.093124 194.711990
-211.537000 185.992200 -207.091400 191.912888
-211.444400 183.173400 -207.079834 189.071442
-211.362800 180.374100 -207.083435 186.274307
-211.264700 177.600300 -207.077637 183.455414
-211.172000 174.834700 -207.056793 180.655701
-211.067900 172.132300 -207.024353 177.926590
-210.942500 169.548500 -206.968552 175.330399
-210.807500 167.115600 -206.878464 172.879364
-210.677900 164.891300 -206.784500 170.638443
-210.523800 162.831600 -206.672958 168.533951
-210.369300 160.883900 -206.551117 166.556412
-210.243400 159.140700 -206.444153 164.778000
-210.180400 157.654800 -206.399033 163.273453
-210.119700 156.263000 -206.356430 161.842712
-210.059800 154.892900 -206.302872 160.462769
-209.978700 153.571000 -206.238052 159.121735
-209.891700 152.272500 -206.166473 157.806915
-209.766700 150.900300 -206.052200 156.423248
-209.618400 149.453900 -205.934402 154.957443
-209.402000 147.911800 -205.759964 153.422180
-209.174500 146.248000 -205.589951 151.748871
-208.939400 144.453000 -205.405853 149.935760
-208.714900 142.497200 -205.241913 147.968445
-208.503800 140.403200 -205.092300 145.866196
-208.393000 138.150900 -205.036377 143.603653
-208.389600 135.751000 -205.102722 141.170273
-208.458300 133.190500 -205.222839 138.595718
-208.554900 130.503800 -205.392410 135.904160
-208.679600 127.708900 -205.582413 133.076721
-208.807700 124.788300 -205.766434 130.155914
-208.927800 121.786000 -205.934708 127.166313
-208.986400 118.770600 -206.111557 124.117020
-209.010800 115.753900 -206.242767 121.111740
-208.944000 112.761900 -206.274124 118.142578
-208.836500 109.809100 -206.271393 115.167229
-208.710600 106.913800 -206.208923 112.247002
-208.612900 104.164800 -206.151001 109.460899
-208.524100 101.612900 -206.108215 106.884453
-208.411800 99.291950 -206.045929 104.526833
-208.304000 97.231400 -205.983536 102.462753
-208.239900 95.441440 -205.956268 100.637321
-208.186600 93.928990 -205.908310 99.100365
-208.169400 92.620100 -205.919052 97.788795
-208.111400 91.359060 -205.859070 96.518074
-208.103700 90.108060 -205.859009 95.249519
-208.057300 88.899050 -205.829483 94.023720
-207.989700 87.686220 -205.787872 92.789764
-207.887500 86.424840 -205.687210 91.520630
-207.749700 85.106480 -205.582794 90.180313
-207.573400 83.679430 -205.443390 88.752411
-207.363800 82.128210 -205.272675 87.194771
-207.117800 80.466750 -205.059509 85.532944
-206.886600 78.657990 -204.858276 83.708885
-206.653200 76.721140 -204.654327 81.754036
-206.474300 74.687190 -204.502975 79.699463
-206.388100 72.537240 -204.464630 77.536293
-206.432200 70.298230 -204.550354 75.256538
-206.610100 68.000610 -204.767578 72.973137
-206.892700 65.622610 -205.092743 70.600716
-207.176400 63.145090 -205.405045 68.138916
-207.411300 60.582530 -205.681976 65.565735
-207.566400 57.936780 -205.877014 62.924225
-207.647700 55.184560 -206.014175 60.160484
-207.661500 52.385390 -206.070770 57.340378
-207.621300 49.546410 -206.122574 54.541126
-207.570900 46.730400 -206.166336 51.736938
-207.528900 43.951520 -206.193146 48.969608
-207.484900 41.207900 -206.245453 46.227409
-207.419300 38.483860 -206.280548 43.482796
-207.398300 35.859080 -206.348541 40.838272
-207.389600 33.323530 -206.422501 38.282887
-207.383600 30.928860 -206.487061 35.890873
-207.365700 28.737950 -206.530487 33.713425
-207.338200 26.780150 -206.554138 31.749542
-207.272200 25.076160 -206.556061 30.026056
-207.184900 23.637860 -206.525391 28.561375
-207.080700 22.407050 -206.457565 27.318348
-206.954300 21.322570 -206.377899 26.226273
-206.781600 20.334400 -206.246414 25.240658
-206.551700 19.436710 -206.086716 24.352493
-206.294700 18.614920 -205.884079 23.520367
-205.959400 17.852300 -205.594971 22.758850
-205.601700 17.147840 -205.275848 22.070030
-205.183200 16.499570 -204.875977 21.420074
-204.640200 15.834340 -204.368439 20.750549
-203.962000 15.126390 -203.747620 20.034172
-203.105900 14.402300 -202.963837 19.316429
-202.093300 13.723770 -201.972534 18.614624
-200.890700 13.072850 -200.775467 17.935608
-199.454900 12.451120 -199.333435 17.282768
-197.803000 11.847900 -197.691925 16.611969
-195.985800 11.251230 -195.879028 15.974339
-194.078300 10.799800 -193.992233 15.480318
-192.241500 10.550030 -192.176086 15.196891
-190.511600 10.492510 -190.399597 15.066447
-188.774500 10.514750 -188.616257 15.023644
-187.053000 10.530790 -186.844330 15.011821
-185.316100 10.589790 -185.085907 15.049206
-183.477200 10.672540 -183.215744 15.104993
-181.518300 10.768400 -181.213867 15.176615
-179.433500 10.895520 -179.072144 15.285322
-177.234800 11.053010 -176.853806 15.418609
-174.912900 11.228010 -174.491623 15.567090
-172.453800 11.406500 -172.007797 15.711034
-169.877600 11.633180 -169.424667 15.895133
-167.172600 11.903480 -166.729095 16.096561
-164.356100 12.241910 -163.902374 16.396538
-161.414200 12.605270 -160.960800 16.680653
-158.375100 12.957560 -157.891953 17.001944
-155.289000 13.266400 -154.779816 17.232899
-152.153500 13.477190 -151.632828 17.403410
-148.978900 13.534370 -148.425995 17.410604
-145.756200 13.449460 -145.230087 17.302004
-142.513300 13.323960 -141.975204 17.142559
-139.219200 13.264090 -138.693237 16.991945
-135.871600 13.235180 -135.345169 16.875851
-132.469300 13.237950 -131.927887 16.789879
-128.998700 13.250220 -128.443619 16.720322
-125.452300 13.247970 -124.931488 16.655106
-121.821900 13.224230 -121.308182 16.605938
-118.142800 13.197060 -117.661339 16.526596
-114.366200 13.195450 -113.934860 16.453901
-110.549500 13.202980 -110.192162 16.384287
-106.721100 13.234960 -106.392731 16.335276
-102.856200 13.237720 -102.595490 16.290075
-99.051970 13.344340 -98.788681 16.255489
-95.237560 13.444760 -95.000061 16.245071
-91.419640 13.530140 -91.218880 16.207937
-87.619070 13.674300 -87.465691 16.223944
-83.825400 13.812150 -83.685616 16.253668
-80.045030 13.941190 -79.909332 16.270597
-76.262920 14.064210 -76.187340 16.326872
-72.527230 14.169690 -72.513664 16.337038
-68.760100 14.314940 -68.858879 16.379414
-65.041990 14.448290 -65.190529 16.428150
-61.409550 14.597510 -61.555569 16.484234
-57.812780 14.752930 -57.982090 16.535259
-54.272080 14.916680 -54.445522 16.589918
-50.863180 15.111690 -50.950550 16.665945
-47.456920 15.288970 -47.487419 16.750465
-44.095940 15.453870 -44.072220 16.820707
-40.863370 15.611510 -40.788227 16.916363
-37.779270 15.768930 -37.652523 17.009235
-34.878460 16.001620 -34.705997 17.073442
-32.108550 16.224310 -31.899157 17.159861
-29.417700 16.336670 -29.213812 17.214926
-26.864830 16.377370 -26.668259 17.225397
-24.569330 16.453910 -24.307047 17.225031
-22.495940 16.503070 -22.162523 17.187807
-20.581990 16.519710 -20.206715 17.139650
-18.846180 16.508190 -18.429865 17.081984
-17.328990 16.482300 -16.865335 17.042746
-16.037550 16.475470 -15.495406 17.019068
-14.956120 16.515220 -14.301339 17.029825
-14.017770 16.603920 -13.303235 17.098330
-13.125570 16.745940 -12.392203 17.205809
-12.277220 17.018620 -11.578222 17.450335
-11.518690 17.387820 -10.828220 17.798166
-10.793900 17.853110 -10.155712 18.177774
-10.023690 18.451760 -9.362549 18.741152
-9.266871 19.249950 -8.557030 19.497503
-8.499983 20.230260 -7.798484 20.477043
-7.714471 21.448790 -7.026012 21.665192
-6.943853 22.899830 -6.253036 23.167116
-6.209422 24.630930 -5.527061 24.970587
-5.580618 26.636760 -4.950634 27.005058
-5.100718 28.938480 -4.458865 29.329363
-4.832290 31.540330 -4.134711 31.925930
-4.752808 34.327710 -4.041086 34.736168
-4.799016 37.335070 -4.056549 37.777588
-4.911943 40.499490 -4.144080 40.938740
-5.090383 43.700800 -4.279193 44.133949
-5.276585 46.904120 -4.376468 47.314224
-5.464336 50.126700 -4.490394 50.502193
-5.701735 53.348430 -4.590451 53.679409
-5.926283 56.566760 -4.696146 56.843525
-6.149722 59.747560 -4.782143 59.958672
-6.326192 62.853260 -4.848555 63.065506
-6.450595 65.815280 -4.919004 66.025414
-6.558018 68.633220 -4.979137 68.856079
-6.625230 71.279560 -5.019694 71.512680
-6.655510 73.749780 -5.073608 74.007767
-6.684464 75.995110 -5.105259 76.251640
-6.652349 77.987890 -5.109655 78.253151
-6.508811 79.715010 -5.004565 80.001228
-6.213677 81.157890 -4.721960 81.500465
-5.729615 82.390460 -4.306179 82.702461
-5.161236 83.435200 -3.788507 83.725235
-4.542652 84.252870 -3.213833 84.528244
-3.866113 84.884560 -2.586472 85.172516
-3.262439 85.311720 -2.018963 85.615082
-2.779876 85.608160 -1.568874 85.932434
-2.292931 85.855430 -1.103706 86.177307
-1.737887 86.025210 -0.612614 86.384048
-1.127115 86.147390 -0.098785 86.535011
-0.518659 86.251250 0.449896 86.680756
0.098283 86.354450 0.955652 86.793434
0.701588 86.427350 1.502735 86.864616
1.306431 86.494190 2.061139 86.910767
1.881704 86.544440 2.622214 86.968246
2.482048 86.571200 3.179959 86.980202
3.081643 86.601540 3.775482 86.999451
3.761151 86.625380 4.444482 87.022476
4.619787 86.696990 5.264307 87.074486
5.591334 86.770900 6.209062 87.132080
6.608439 86.844400 7.202907 87.184540
7.634023 86.901350 8.266278 87.230461
8.711110 86.958450 9.397888 87.257874
9.832777 87.009730 10.554448 87.279564
11.007620 87.011520 11.727471 87.265129
12.275390 86.965120 12.929392 87.204422
13.626340 86.918150 14.221878 87.142517
15.069990 86.825170 15.622736 87.042130
16.615310 86.785220 17.119352 87.005600
18.281790 86.877740 18.719162 87.083054
20.047850 87.081990 20.449652 87.261528
21.900640 87.285740 22.298065 87.431168
23.863160 87.475150 24.298534 87.543427
25.902040 87.591950 26.349957 87.597290
28.010580 87.643840 28.498869 87.624054
30.161670 87.666240 30.678108 87.633026
32.320100 87.664230 32.864193 87.632523
34.457590 87.659770 35.030579 87.609261
36.605810 87.671870 37.218243 87.613297
38.730770 87.693440 39.346813 87.622040
40.845470 87.730240 41.486179 87.624580
42.917780 87.780190 43.586021 87.654343
44.982820 87.855000 45.682190 87.706764
47.029150 87.934110 47.762310 87.744087
49.088540 87.988070 49.840008 87.761955
51.131190 88.046720 51.897247 87.784409
53.178890 88.088740 53.965794 87.790100
55.228720 88.131890 56.014225 87.814568
57.257270 88.189930 58.051102 87.845573
59.284240 88.231390 60.104145 87.858612
61.307870 88.268110 62.145500 87.887337
63.333450 88.313230 64.195488 87.890472
65.383590 88.353950 66.210846 87.915604
67.446480 88.391970 68.247192 87.939087
69.483090 88.432190 70.254829 87.969154
71.551190 88.436950 72.297447 87.984306
73.590280 88.449790 74.313576 87.990196
75.642440 88.447490 76.356705 87.986740
77.675640 88.454840 78.393463 87.979172
79.705830 88.461020 80.432625 87.966652
81.744040 88.480290 82.454971 87.977432
83.774580 88.511400 84.504280 87.984077
85.799340 88.557110 86.540970 87.991936
87.804420 88.601160 88.576950 87.994781
89.806920 88.643630 90.601273 88.000420
91.803370 88.704770 92.609673 88.029587
93.754020 88.738080 94.603149 88.038704
95.670500 88.790390 96.559845 88.058846
97.538390 88.822000 98.474968 88.062836
99.322990 88.859730 100.299438 88.077995
100.954900 88.856800 101.968063 88.050209
102.409400 88.885030 103.460381 88.057075
103.660500 88.873010 104.765587 88.040359
104.773500 88.863290 105.917282 88.042000
105.718200 88.844540 106.908318 88.011269
106.475800 88.845300 107.707832 88.020096
107.080900 88.835950 108.305557 88.024139
107.600100 88.863550 108.787918 88.066956
108.075700 88.966910 109.267662 88.169922
108.506900 89.161700 109.703247 88.356140
108.887900 89.429650 110.075409 88.598663
109.267500 89.752890 110.461769 88.887436
109.650400 90.181660 110.817223 89.276421
110.007800 90.683680 111.208313 89.759277
110.331900 91.262390 111.589157 90.364243
110.663200 91.958220 111.925369 91.054970
110.947400 92.750780 112.246925 91.804199
111.190500 93.649870 112.524460 92.656029
111.329400 94.676260 112.710175 93.672348
111.382200 95.834440 112.789948 94.801247
111.376200 97.156700 112.836998 96.055115
111.321400 98.712080 112.886131 97.557388
111.179000 100.499200 112.887009 99.249535
111.052600 102.454500 112.896660 101.124374
110.953400 104.573600 112.904221 103.217049
110.848100 106.867600 112.915367 105.467896
110.729000 109.311900 112.897400 107.886009
110.604600 111.877700 112.860069 110.462646
110.451100 114.520800 112.785141 113.105453
110.254000 117.240000 112.674133 115.833206
110.055600 119.971100 112.559013 118.551704
109.855900 122.687400 112.425407 121.284660
109.666000 125.388400 112.287979 123.979950
109.501800 128.077800 112.191223 126.665154
109.371200 130.752800 112.128365 129.329620
109.256400 133.406800 112.078201 131.977554
109.149100 136.006600 112.026840 134.550720
109.039300 138.439400 111.986115 136.979111
108.946900 140.687200 111.940018 139.187912
108.848000 142.713600 111.890663 141.195602
108.759900 144.486400 111.847557 142.975754
108.690000 146.045200 111.812927 144.547623
108.715900 147.402400 111.774719 145.947235
108.827800 148.539800 111.746498 147.130737
108.921200 149.485400 111.772980 148.071152
109.006800 150.284400 111.793488 148.891205
109.049700 151.026600 111.827423 149.645859
109.110000 151.749000 111.863289 150.394684
109.240400 152.403100 111.892479 151.125626
109.344100 153.097600 111.929634 151.848816
109.452600 153.933600 111.974838 152.722733
109.521400 154.936000 111.993614 153.743790
109.584300 156.072700 112.017578 154.898651
109.645200 157.328900 112.047302 156.167328
109.667500 158.738000 112.042274 157.583466
109.715500 160.311600 112.076698 159.155014
109.696400 162.088600 112.071960 160.916504
109.648800 164.031700 112.080750 162.807297
109.639100 166.108700 112.070404 164.896240
109.633200 168.339900 112.051308 167.131851
109.612700 170.710700 112.024666 169.498459
109.583300 173.210300 111.994957 172.008514
109.553500 175.810400 111.967537 174.600708
109.534300 178.500200 111.945099 177.283707
109.535800 181.237100 111.944214 180.026855
109.577200 183.940500 111.955124 182.735916
109.589000 186.635900 111.949974 185.440674
109.627500 189.311100 111.946671 188.132370
109.659000 191.927100 111.921562 190.742325
109.629600 194.430300 111.836830 193.268341
109.574900 196.783200 111.743851 195.627029
109.514500 198.966200 111.656044 197.820450
109.471200 200.971300 111.584846 199.841125
109.448700 202.821200 111.539253 201.699677
109.448800 204.602200 111.523064 203.485962
109.487500 206.354100 111.530060 205.254990
109.546200 208.062400 111.560173 206.971710
109.610500 209.709200 111.599892 208.642746
109.671900 211.262700 111.630692 210.208374
109.705900 212.701800 111.619667 211.643463
109.734000 214.083700 111.605690 213.031784
109.731100 215.443500 111.569397 214.392563
109.707300 216.763900 111.500031 215.714447
109.699800 218.051000 111.457733 217.008850
109.686600 219.346900 111.424644 218.311661
109.662800 220.744800 111.405884 219.655579
109.624300 222.181900 111.362549 221.079880
109.632900 223.689900 111.363045 222.575089
109.598100 225.285500 111.306175 224.161377
109.569800 226.964200 111.260452 225.837112
109.440500 228.723900 111.133369 227.590759
109.201500 230.569600 110.915665 229.436356
108.840200 232.500400 110.605850 231.359604
108.453300 234.508400 110.260086 233.376434
108.103400 236.603300 109.937889 235.473038
107.820000 238.782500 109.676849 237.663223
107.625300 241.068300 109.492203 239.965576
107.500700 243.440400 109.398979 242.339371
107.404300 245.878200 109.330017 244.818817
107.332600 248.416100 109.283661 247.374664
107.256600 251.021300 109.228035 249.994568
107.176600 253.624800 109.176193 252.589554
107.085700 256.216800 109.106491 255.193848
106.990300 258.788300 109.027794 257.772064
106.888800 261.345700 108.945534 260.335022
106.803900 263.853500 108.864319 262.856445
106.756800 266.256500 108.796906 265.275635
106.736800 268.495900 108.742119 267.568115
106.721100 270.543000 108.699234 269.667236
106.664600 272.451300 108.656326 271.595123
106.602400 274.231700 108.626274 273.382050
106.541100 275.936000 108.594872 275.090088
106.490100 277.548900 108.586426 276.706299
106.431000 279.024300 108.597458 278.173096
106.436000 280.325900 108.640663 279.483490
106.525700 281.483400 108.759880 280.628906
106.690800 282.500200 108.940269 281.652069
106.934200 283.393700 109.202423 282.528473
107.264500 284.174800 109.485130 283.308014
107.615000 284.885400 109.790924 284.023315
108.052900 285.553000 110.194008 284.706299
108.564200 286.162300 110.665138 285.350037
109.134400 286.814700 111.191788 286.049805
109.716100 287.520500 111.784142 286.755920
110.122000 288.203000 112.260193 287.395874
110.422100 288.820000 112.608795 287.980957
110.586500 289.418300 112.824699 288.583984
110.618300 290.064100 112.917374 289.157288
110.518800 290.708100 112.910095 289.752014
110.370600 291.314300 112.826820 290.324280
110.141900 291.925400 112.669052 290.846222
109.836600 292.549000 112.376366 291.458496
109.496500 293.150200 112.047821 292.044250
109.127000 293.786300 111.696175 292.657898
108.698100 294.485100 111.281624 293.339966
108.256700 295.314100 110.857994 294.155212
107.818100 296.219200 110.436707 295.072418
107.428300 297.304000 110.084625 296.123566
107.065000 298.537100 109.741440 297.327209
106.761100 299.883000 109.461243 298.681885
106.504600 301.404000 109.216240 300.193634
106.275100 303.166000 109.001602 301.927856
106.085800 305.101300 108.829269 303.864258
105.832300 307.215400 108.601791 305.955505
105.631300 309.512000 108.428429 308.252075
105.511000 311.924600 108.309586 310.668823
105.445300 314.490700 108.262192 313.228485
105.421000 317.132600 108.244797 315.857697
105.442800 319.873700 108.259102 318.613190
105.446400 322.691700 108.263138 321.432251
105.418000 325.550100 108.233841 324.305023
105.395200 328.463500 108.223763 327.225800
105.363900 331.394800 108.201035 330.178864
105.291400 334.291700 108.146286 333.082336
105.220100 337.191700 108.102829 335.984253
105.144300 340.052300 108.049980 338.851257
105.074500 342.867900 107.974068 341.689880
105.008900 345.615600 107.849121 344.476044
104.963300 348.183800 107.753723 347.079590
104.902500 350.569000 107.671249 349.513153
104.816700 352.734300 107.589142 351.728546
104.677500 354.661300 107.536369 353.681061
104.615300 356.352300 107.541252 355.427734
104.604300 357.799100 107.562683 356.925659
104.701100 359.026400 107.660202 358.206909
104.890600 360.123900 107.853874 359.296143
105.192900 361.139800 108.138885 360.354126
105.583500 362.033500 108.541039 361.302887
106.094900 362.891300 109.040436 362.181213
106.699400 363.652300 109.666725 362.966858
107.414200 364.337700 110.356209 363.637238
108.207300 364.984000 111.208054 364.391937
109.274200 365.625100 112.296921 365.068054
110.518200 366.322000 113.512817 365.697083
111.969200 367.023500 114.985977 366.385406
113.629200 367.645200 116.638649 366.995605
115.502500 368.145800 118.518433 367.475311
117.562800 368.470200 120.620590 367.803192
119.826500 368.663600 122.917038 367.979248
122.238200 368.733400 125.352226 368.020569
124.812600 368.744200 127.940147 368.000366
127.509600 368.750200 130.678162 367.989960
130.334100 368.742700 133.524673 367.954590
133.295700 368.738200 136.543350 367.941650
136.383900 368.770400 139.686722 367.923431
139.555000 368.815800 142.869873 367.918579
142.817300 368.903900 146.137772 367.967896
146.129200 369.028000 149.451111 368.037506
149.483900 369.137700 152.802948 368.098969
152.891500 369.309800 156.189880 368.151855
156.306000 369.518300 159.598572 368.220459
159.737200 369.684200 163.043640 368.253113
163.198500 369.811800 166.521988 368.274353
166.695400 369.930000 170.026642 368.313995
170.207000 370.046100 173.546829 368.342590
173.771600 370.157300 177.130020 368.388428
177.360900 370.266500 180.705185 368.452026
180.975000 370.366900 184.328247 368.509796
184.518100 370.493400 187.936035 368.566254
188.057900 370.608200 191.522690 368.629059
191.649500 370.691100 195.103317 368.668457
195.256300 370.767500 198.663101 368.728882
198.849500 370.860000 202.222458 368.791687
202.381300 370.945800 205.754562 368.834747
205.845900 371.042000 209.250473 368.881592
209.282900 371.140100 212.682648 368.902374
212.668000 371.264500 216.082993 368.954071
216.064400 371.405600 219.432709 369.000214
219.481600 371.542500 222.789673 369.060242
222.884100 371.677600 226.166458 369.115143
226.298100 371.814800 229.524933 369.178040
229.735800 371.946300 232.896729 369.244293
233.194100 372.081100 236.324539 369.315002
236.650500 372.201800 239.733658 369.368256
240.111200 372.286400 243.163162 369.393127
243.564300 372.361500 246.607437 369.390442
247.015400 372.438700 250.071808 369.410797
250.457000 372.513500 253.498245 369.435181
253.891600 372.590900 256.920715 369.458588
257.290300 372.695800 260.332428 369.487518
260.690700 372.783400 263.713837 369.524628
264.069500 372.879600 267.060059 369.564240
267.431600 372.988700 270.391113 369.634888
270.776800 373.106400 273.735718 369.694855
274.109000 373.236700 277.065430 369.766907
277.432900 373.381900 280.418793 369.852203
280.759300 373.509600 283.729858 369.911774
284.056000 373.639500 287.044006 369.988922
287.359000 373.744400 290.380737 370.024597
290.659600 373.828200 293.695312 370.053528
293.947900 373.890800 296.994141 370.082062
297.237800 373.937600 300.256104 370.105103
300.521400 373.988900 303.528931 370.135651
303.768300 374.045300 306.765106 370.153473
306.957900 374.123300 309.997284 370.157379
310.146500 374.187500 313.195282 370.163574
313.322400 374.161000 316.379364 370.167297
316.483700 374.147700 319.535156 370.163208
319.614100 374.138000 322.659668 370.148102
322.710900 374.134900 325.734406 370.157227
325.754600 374.160500 328.760742 370.188019
328.760000 374.252700 331.757324 370.241028
331.723400 374.480400 334.703735 370.444977
334.629700 374.897700 337.593933 370.845093
337.443500 375.575200 340.367157 371.444305
340.190600 376.425800 343.079224 372.257660
342.858100 377.501000 345.734924 373.268860
345.468300 378.757900 348.285583 374.445007
348.031800 380.138800 350.794556 375.766663
350.528000 381.659100 353.267578 377.168854
353.018700 383.175200 355.775024 378.619415
355.491300 384.652000 358.265076 380.024353
357.947400 386.052400 360.796539 381.366211
360.450400 387.298300 363.347992 382.541870
362.989400 388.343200 365.947052 383.539490
365.629600 389.180000 368.629913 384.332764
368.276800 389.785200 371.334229 384.928223
371.000200 390.203900 374.096619 385.320496
373.810900 390.409900 376.902588 385.490753
376.669700 390.515800 379.758575 385.510681
379.565900 390.475800 382.669067 385.395782
382.519300 390.334600 385.617310 385.189087
385.568500 390.096400 388.628601 384.922729
388.667700 389.806400 391.730560 384.583496
391.801000 389.495500 394.851166 384.232361
394.948500 389.200900 397.970642 383.892761
398.070600 388.865200 401.086365 383.512054
401.148300 388.481900 404.181335 383.078674
404.065800 388.058900 407.160614 382.620667
406.691700 387.530400 409.803711 382.058868
409.000000 386.806300 412.113312 381.300446
410.962900 385.896000 414.030975 380.371216
412.562500 384.785500 415.622742 379.339081
413.996700 383.545300 417.026733 378.051178
415.180900 382.105900 418.155212 376.585968
416.123400 380.517100 419.087524 374.918579
416.780300 378.715300 419.749390 373.175598
417.257500 376.862000 420.205627 371.271393
417.474300 374.922400 420.419250 369.262390
417.570600 372.940800 420.489746 367.220306
417.595000 370.957200 420.481171 365.182831
417.608000 368.989000 420.465240 363.198914
417.583600 367.038100 420.416412 361.222870
417.563900 365.089500 420.371857 359.271362
417.541600 363.162600 420.308624 357.314636
417.537500 361.254500 420.267029 355.398499
417.528500 359.368700 420.223755 353.507111
417.528100 357.497400 420.189453 351.599030
417.533000 355.636800 420.148132 349.728363
417.535200 353.779400 420.108887 347.852814
417.571900 351.871300 420.096252 345.950165
417.625100 349.951000 420.097351 344.030487
417.694000 348.023900 420.136383 342.083221
417.785900 346.081700 420.198090 340.135773
417.908800 344.103500 420.296082 338.137024
418.015700 342.077300 420.367340 336.084656
418.081000 339.964700 420.398438 333.948517
418.090200 337.760700 420.365509 331.730225
418.050600 335.423900 420.277405 329.380157
417.958300 332.974100 420.144745 326.905121
417.860400 330.443200 419.965393 324.359558
417.712700 327.891600 419.715790 321.786133
417.482600 325.340400 419.399445 319.216553
417.033400 322.795700 418.963745 316.699829
416.342400 320.296000 418.321289 314.210297
415.500300 317.846800 417.490417 311.781860
414.502200 315.485600 416.488342 309.425903
413.318100 313.201700 415.296936 307.139832
412.032900 310.983400 414.013245 304.900330
410.705100 308.826400 412.662292 302.738342
409.332700 306.723300 411.297241 300.658905
407.938700 304.690300 409.881775 298.626526
406.473300 302.693100 408.417175 296.627899
404.955000 300.719700 406.894867 294.645599
403.421700 298.744000 405.353607 292.648285
401.884500 296.708900 403.814331 290.631348
400.391900 294.639900 402.309448 288.563141
398.848100 292.568900 400.884705 286.493805
397.412100 290.463600 399.515564 284.394531
396.057400 288.363000 398.212708 282.297424
394.718200 286.280300 396.902832 280.206635
393.408400 284.209500 395.601776 278.129547
392.117400 282.093800 394.305542 276.031006
390.835100 279.982500 393.038147 273.945953
389.579700 277.837900 391.784546 271.816498
388.345300 275.665600 390.549377 269.643585
387.120100 273.483200 389.321167 267.443146
385.875700 271.265000 388.064880 265.246643
384.628200 269.049200 386.809845 263.010406
383.381900 266.843000 385.556549 260.817596
382.125900 264.656300 384.289368 258.638397
380.854500 262.504300 383.009949 256.477875
379.661500 260.394600 381.715393 254.397614
378.446600 258.284100 380.406860 252.343414
377.135400 256.231900 379.082520 250.335114
375.830100 254.203900 377.775024 248.362320
374.666100 252.142300 376.470154 246.359833
373.467400 250.089900 375.160461 244.362854
372.260300 248.016900 373.784302 242.338348
371.007200 245.900200 372.393066 240.260620
369.693400 243.722700 370.965546 238.150269
368.315100 241.489500 369.473877 235.970276
366.888500 239.203500 367.950378 233.731689
365.460800 236.868900 366.398743 231.449402
364.012600 234.509600 364.865356 229.129944
362.529900 232.103900 363.340759 226.779755
361.127000 229.646700 361.809204 224.368057
359.661000 227.165200 360.274506 221.959198
358.172600 224.664800 358.713379 219.508377
356.667000 222.124500 357.082214 217.032593
355.093500 219.562900 355.382874 214.516754
353.424100 216.994400 353.628052 211.990875
351.712100 214.400800 351.823334 209.437042
349.975600 211.757600 350.014679 206.852020
348.217300 209.053900 348.190613 204.194458
346.440100 206.295800 346.324554 201.509430
344.718700 203.491400 344.485352 198.799438
343.048900 200.668300 342.656555 196.081604
341.324500 197.881200 340.818237 193.348511
339.568500 195.094400 339.032745 190.644684
337.852500 192.286600 337.208984 187.861816
336.194600 189.467000 335.418213 185.119659
334.505100 186.643600 333.647949 182.339432
332.810200 183.813400 331.861664 179.546478
331.136400 180.975200 330.112000 176.767792
329.490700 178.148700 328.359985 173.999725
327.932900 175.420200 326.653015 171.311188
326.471500 172.833200 325.072662 168.781876
325.095300 170.445000 323.600769 166.427750
323.762200 168.206100 322.211731 164.216949
322.412400 165.996900 320.786774 162.029633
321.011100 163.835400 319.342834 159.885925
319.641800 161.678600 317.942078 157.738983
318.295500 159.472400 316.544495 155.551056
316.951800 157.229300 315.155182 153.345978
315.588800 154.961100 313.731262 151.125397
314.135600 152.692800 312.265167 148.892227
312.631900 150.387300 310.769379 146.610321
311.148500 148.012100 309.246521 144.279419
309.612900 145.580200 307.695190 141.889603
308.016700 143.109100 306.067383 139.418381
306.331100 140.598200 304.405762 136.922180
304.564400 138.076000 302.681030 134.415176
302.797400 135.508900 300.920166 131.850983
300.997000 132.893600 299.132385 129.258240
299.222800 130.218600 297.325165 126.593437
297.437100 127.496300 295.483459 123.892860
295.655500 124.725500 293.649231 121.182182
293.887000 121.904900 291.788818 118.348068
292.106700 119.014900 289.915344 115.509689
290.285600 116.096800 288.035400 112.641647
288.486200 113.134700 286.142303 109.741043
286.686000 110.204800 284.232788 106.844322
284.893700 107.269000 282.326965 103.972931
283.126100 104.350100 280.428162 101.120682
281.355100 101.454500 278.534668 98.268997
279.594100 98.593690 276.678894 95.487099
277.853700 95.782330 274.841553 92.705139
276.123300 93.015090 273.032135 89.979881
274.407100 90.294590 271.266754 87.306244
272.692900 87.620630 269.491943 84.661346
270.986100 84.990760 267.710571 82.048248
269.325100 82.370640 265.959564 79.481750
267.721500 79.761360 264.236359 76.943672
266.125000 77.187760 262.546661 74.452370
264.542700 74.650060 260.848846 71.933868
262.985600 72.146080 259.194397 69.476112
261.442300 69.672120 257.581116 67.028130
259.914000 67.228910 255.961395 64.620110
258.304500 64.884450 254.386292 62.251724
256.745600 62.566170 252.853638 59.897171
255.295000 60.234750 251.391281 57.544617
253.997800 57.859320 250.076935 55.163109
252.910900 55.413560 248.965118 52.715775
252.070800 52.918370 248.071426 50.205971
251.456200 50.379500 247.431030 47.669434
251.101500 47.849010 247.045822 45.136372
250.932300 45.362320 246.829330 42.614967
250.858900 42.970440 246.699112 40.189819
250.880600 40.703100 246.622910 37.861824
250.860200 38.529600 246.513901 35.618568
250.643100 36.422190 246.246170 33.462811
250.219900 34.431510 245.755661 31.497780
249.550300 32.522370 245.075195 29.563866
248.682400 30.805930 244.190460 27.810196
247.595100 29.296170 242.992081 26.295967
246.325600 27.986790 241.673553 24.911217
244.806500 26.870520 240.136932 23.835991
243.208500 26.046220 238.512512 23.036736
241.618500 25.511990 236.949921 22.558140
240.183400 25.244680 235.509491 22.330317
238.935000 25.182690 234.264557 22.311504
237.834400 25.306400 233.157150 22.446697
236.751000 25.547440 232.159714 22.702129
235.819600 26.015040 231.245163 23.190475
235.018800 26.634010 230.458313 23.792831
234.322500 27.380390 229.760040 24.502739
233.665300 28.270030 229.190491 25.420570
233.152200 29.370220 228.709106 26.523056
232.717700 30.623840 228.347290 27.758217
232.381300 32.026050 228.084610 29.174961
232.146500 33.563930 227.969559 30.620728
231.970000 35.230950 227.894180 32.277332
231.824100 37.057360 227.849182 34.090115
231.711700 38.971820 227.822052 36.010284
231.613800 41.054710 227.817062 38.077202
231.500400 43.265380 227.810318 40.309410
231.399200 45.576380 227.821259 42.627537
231.319600 47.958050 227.849319 45.014526
231.245500 50.455120 227.906738 47.505947
231.179600 53.045730 227.969589 50.077839
231.112600 55.734600 228.041016 52.761456
231.018200 58.532000 228.106354 55.542557
230.923100 61.468330 228.194550 58.428104
230.781800 64.386420 228.235077 61.337059
230.554400 67.301250 228.211334 64.237572
230.382900 70.279420 228.227203 67.218437
230.251900 73.265810 228.255737 70.219238
230.117200 76.279160 228.290665 73.230431
229.963600 79.299000 228.302948 76.265800
229.812600 82.350860 228.314224 79.333794
229.639600 85.361680 228.351501 82.388802
229.508400 88.372400 228.378296 85.444977
229.396200 91.404150 228.428421 88.461357
229.226100 94.390420 228.425247 91.428993
229.043400 97.383610 228.406952 94.403961
228.915600 100.420900 228.450272 97.436333
228.777400 103.429600 228.471085 100.450615
228.620500 106.515300 228.479721 103.532295
228.492800 109.617700 228.528793 106.615860
228.345100 112.766000 228.544693 109.791222
228.262200 115.953800 228.576935 112.962799
228.174500 119.123600 228.603607 116.105186
228.062700 122.300500 228.604446 119.269127
227.923700 125.438600 228.602661 122.400002
227.800300 128.526100 228.613602 125.480583
227.652200 131.598300 228.607727 128.522598
227.534700 134.639400 228.616592 131.557693
227.419600 137.638100 228.625031 134.559357
227.314300 140.648200 228.635361 137.568649
227.209000 143.551900 228.652313 140.478500
227.066800 146.491000 228.629471 143.424194
226.958600 149.420900 228.649475 146.306900
226.876000 152.285800 228.678070 149.159592
226.800700 155.135000 228.712662 152.006363
226.731900 157.928600 228.736771 154.798096
226.671000 160.677000 228.771179 157.544006
226.582000 163.433500 228.781128 160.269211
226.485000 166.141300 228.778214 162.952240
226.397200 168.834800 228.779800 165.655075
226.291800 171.503000 228.761520 168.339935
226.193800 174.156400 228.750748 170.974670
226.097700 176.845900 228.744553 173.648804
226.004100 179.602700 228.746521 176.400818
225.899400 182.370000 228.762497 179.158951
225.790500 185.147000 228.771912 181.894089
225.666400 187.881700 228.754684 184.598709
225.559700 190.596700 228.768173 187.290298
225.450800 193.273500 228.770645 189.972519
225.344100 195.959200 228.779785 192.649811
225.255300 198.650900 228.811386 195.315689
225.193200 201.334900 228.849899 197.982880
225.127200 204.006800 228.892654 200.618683
225.065500 206.635300 228.929443 203.239761
225.010800 209.237100 228.966095 205.822601
224.942500 211.826000 228.999329 208.370850
224.891100 214.400400 229.037903 210.931213
224.851300 216.935700 229.096817 213.438599
224.574700 219.362300 229.150375 215.891739
224.296500 221.836900 229.200699 218.390656
224.077500 224.335800 229.268219 220.904861
223.912600 226.902200 229.344574 223.427460
223.741800 229.521600 229.385406 226.052612
223.606900 232.177000 229.428970 228.678528
223.385500 235.003000 229.421478 231.459686
223.159800 237.809300 229.388840 234.239975
222.960600 240.674800 229.375702 237.065338
222.792300 243.535000 229.369995 239.879715
222.588700 246.352100 229.372620 242.664276
222.380700 249.170100 229.356522 245.446426
222.221500 251.920200 229.369125 248.164795
222.080000 254.672900 229.410034 250.881683
221.956900 257.368500 229.426071 253.596970
221.829100 260.046700 229.457291 256.261902
221.692500 262.646800 229.442642 258.917664
221.568600 265.262200 229.452881 261.579987
221.459700 267.839700 229.488266 264.174713
221.336200 270.381800 229.504593 266.737122
221.189700 272.766200 229.479599 269.139740
221.088000 275.002000 229.503342 271.357147
221.026400 277.045600 229.557495 273.396332
221.049000 278.872300 229.682159 275.218689
221.129600 280.543300 229.844086 276.892242
221.219900 282.100200 230.018219 278.443909
221.344400 283.572300 230.235138 279.912384
221.383300 284.982800 230.356262 281.313782
221.427300 286.297500 230.496216 282.609833
221.355400 287.505400 230.516739 283.793427
221.243100 288.625800 230.476044 284.871674
221.036600 289.678700 230.352081 285.913788
220.706100 290.652000 230.096100 286.882568
220.342100 291.553100 229.779526 287.789581
219.853800 292.364600 229.352554 288.653809
219.269900 293.212700 228.822357 289.551117
218.538100 294.065300 228.154297 290.371613
217.686800 294.889800 227.340744 291.218719
216.657700 295.681400 226.374802 292.055603
215.444500 296.400100 225.245178 292.766602
214.042800 296.980800 223.862183 293.384888
212.392600 297.367200 222.266357 293.812683
210.496800 297.522800 220.447327 294.089569
208.422600 297.550500 218.412994 294.199341
206.131200 297.483400 216.151047 294.216797
203.651200 297.386400 213.671051 294.230591
200.976300 297.310600 210.981094 294.279816
198.089000 297.234800 208.073944 294.338562
194.997600 297.169600 204.980881 294.416901
191.702200 297.088100 201.685303 294.479645
188.259400 296.972900 198.248367 294.524139
184.687600 296.836900 194.669998 294.556122
180.991300 296.697500 190.982864 294.584747
177.262000 296.545800 187.263062 294.593231
173.558400 296.374900 183.557739 294.584442
169.919200 296.277600 179.857040 294.580811
166.317100 296.215600 176.156113 294.579773
162.711100 296.177000 172.498032 294.567352
159.134700 296.119900 168.840485 294.544373
155.571100 296.037800 165.196976 294.542755
152.007700 295.960500 161.605576 294.535309
148.468000 295.873200 158.035370 294.537170
144.946600 295.784900 154.505051 294.531830
141.444100 295.697900 150.969086 294.543762
137.975600 295.609100 147.438751 294.545990
134.474600 295.536100 143.965576 294.533417
131.021500 295.387200 140.502762 294.495880
127.584800 295.185200 137.089767 294.406433
124.194200 294.919100 133.724075 294.234741
120.833000 294.568800 130.379456 293.997070
117.524100 294.148300 127.073090 293.674316
114.277200 293.717200 123.807152 293.331268
111.044200 293.263000 120.584007 292.981873
107.875300 292.820400 117.392120 292.631042
104.688800 292.432800 114.199715 292.321198
101.526200 292.112800 111.008118 292.107056
98.320670 291.867700 107.750244 291.939667
95.075730 291.698100 104.491005 291.851654
91.781610 291.600800 101.155296 291.855957
88.461730 291.510300 97.781189 291.889618
85.094010 291.416400 94.363770 291.911285
81.672540 291.325000 90.886269 291.935516
78.223590 291.216800 87.401550 291.946259
74.766450 291.106600 83.953926 291.956024
71.344240 290.985400 80.536682 291.951508
67.941880 290.873200 77.125137 291.941132
64.574620 290.765700 73.758049 291.948639
61.246410 290.655900 70.396111 291.946350
57.944380 290.555500 67.089241 291.940063
54.688490 290.463900 63.843678 291.939911
51.465180 290.374800 60.619843 291.947266
48.250390 290.298700 57.402527 291.956329
45.050130 290.226400 54.186596 291.962250
41.875270 290.157700 51.015053 291.976440
38.711490 290.079000 47.864735 291.983337
35.578690 289.999000 44.750683 291.990540
32.468040 289.919000 41.650246 292.011200
29.399030 289.855900 38.585789 292.036438
26.374440 289.806000 35.575912 292.073608
23.466190 289.753800 32.673073 292.108673
20.703250 289.695700 29.940374 292.133026
18.065590 289.632000 27.315773 292.152771
15.545090 289.573700 24.795277 292.165253
13.147890 289.520300 22.421013 292.182312
10.888030 289.488100 20.172245 292.226013
8.793075 289.520100 18.093674 292.332031
6.883822 289.607400 16.173456 292.486298
5.082836 289.770600 14.368559 292.712006
3.360773 289.989300 12.655876 292.989105
1.693438 290.246300 10.994205 293.300659
0.081762 290.523900 9.378708 293.628601
-1.454040 290.824700 7.854107 293.967712
-2.912142 291.153900 6.415352 294.340759
-4.263831 291.496500 5.089294 294.710114
-5.469629 291.865200 3.914627 295.081604
-6.561797 292.250200 2.815353 295.518127
-7.567325 292.720400 1.839249 295.990570
-8.250854 293.150700 1.182663 296.414154
-8.615564 293.414600 0.834366 296.672668
-8.701378 293.497800 0.746262 296.749176
-8.677816 293.476200 0.758408 296.724396
-8.670689 293.481400 0.761520 296.732880
-8.660467 293.476600 0.758377 296.736389
-8.651698 293.468700 0.762085 296.733063
-8.643833 293.460000 0.770828 296.722565
-8.651930 293.468400 0.747894 296.754120
-8.687854 293.502400 0.687088 296.783234
-8.762112 293.570000 0.608612 296.867249
-8.920494 293.730700 0.445023 297.042664
-9.169684 294.008200 0.210999 297.315369
-9.506103 294.394700 -0.112350 297.744934
-9.958653 294.935000 -0.551163 298.311371
-10.520470 295.675700 -1.094772 299.083588
-11.117550 296.668100 -1.684616 300.111084
-11.708500 297.866400 -2.225777 301.373108
-12.237630 299.339200 -2.727211 302.899353
-12.683330 301.018400 -3.117599 304.609161
-13.070580 302.864600 -3.447254 306.475281
-13.368680 304.910200 -3.690130 308.579712
-13.565630 307.103100 -3.829946 310.826477
-13.722500 309.483700 -3.911649 313.206573
