0 0.000149 0.034474 100.000000 12.195122
0 0.000076 0.019851 200.000000 15.384615
0 0.000044 0.018816 300.000000 17.543859
0 0.000029 0.018931 400.000000 19.138756
0 0.000025 0.016863 500.000000 20.325203
0 0.000022 0.015954 600.000000 21.126760
0 0.000023 0.015383 700.000000 21.806854
0 0.000023 0.014352 800.000000 22.284122
10 0.000134 0.033203 100.000000 12.987013
10 0.000072 0.019314 200.000000 16.129032
10 0.000035 0.018494 300.000000 18.181818
10 0.000019 0.018402 400.000000 19.704433
10 0.000021 0.016219 500.000000 20.833334
10 0.000020 0.015444 600.000000 21.582733
10 0.000022 0.014766 700.000000 22.222221
10 0.000023 0.013679 800.000000 22.662889
20 0.000116 0.029044 100.000000 13.888889
20 0.000052 0.016327 200.000000 16.949152
20 0.000022 0.016246 300.000000 18.867924
20 0.000011 0.016356 400.000000 20.304569
20 0.000020 0.014338 500.000000 21.367521
20 0.000022 0.013881 600.000000 22.140221
20 0.000022 0.013419 700.000000 22.653721
20 0.000025 0.012546 800.000000 23.121387
30 0.000077 0.024195 100.000000 14.925373
30 0.000024 0.012875 200.000000 17.857143
30 0.000004 0.013889 300.000000 19.607843
30 0.000017 0.014038 400.000000 21.052631
30 0.000023 0.012693 500.000000 22.026432
30 0.000026 0.012861 600.000000 22.641510
30 0.000025 0.012733 700.000000 23.178808
30 0.000030 0.012316 800.000000 23.529411
40 0.000032 0.016977 100.000000 16.129032
40 0.000011 0.008687 200.000000 18.867924
40 0.000026 0.011706 300.000000 20.408163
40 0.000038 0.011999 400.000000 21.739130
40 0.000036 0.011708 500.000000 22.624434
40 0.000036 0.012812 600.000000 23.166023
40 0.000033 0.013139 700.000000 23.648649
40 0.000036 0.013499 800.000000 23.952095
50 0.000044 0.009995 100.000000 17.241379
50 0.000040 0.010274 200.000000 19.801981
50 0.000037 0.013133 300.000000 21.276596
50 0.000054 0.013548 400.000000 22.471910
50 0.000046 0.013877 500.000000 23.148148
50 0.000044 0.015133 600.000000 23.715416
50 0.000040 0.015763 700.000000 24.054983
50 0.000041 0.016440 800.000000 24.316109
60 0.000015 0.006646 100.000000 18.518518
60 0.000022 0.013462 200.000000 20.618557
60 0.000029 0.015423 300.000000 21.897810
60 0.000044 0.014290 400.000000 22.988506
60 0.000036 0.013869 500.000000 23.696682
60 0.000035 0.014580 600.000000 24.096386
60 0.000035 0.014615 700.000000 24.475525
60 0.000037 0.014803 800.000000 24.691359
70 0.000018 0.010770 100.000000 19.230770
70 0.000027 0.016447 200.000000 21.276596
70 0.000031 0.017193 300.000000 22.556391
70 0.000043 0.015279 400.000000 23.529411
70 0.000035 0.014394 500.000000 24.154589
70 0.000033 0.014889 600.000000 24.489796
70 0.000033 0.014565 700.000000 24.822695
70 0.000036 0.014500 800.000000 25.000000
80 0.000042 0.015678 100.000000 20.408163
80 0.000027 0.018637 200.000000 21.978022
80 0.000029 0.018853 300.000000 23.255814
80 0.000037 0.015893 400.000000 24.096386
80 0.000034 0.015249 500.000000 24.509804
80 0.000032 0.015259 600.000000 24.896265
80 0.000032 0.014801 700.000000 25.089605
80 0.000035 0.014544 800.000000 25.316456
90 0.000038 0.018562 100.000000 21.276596
90 0.000029 0.020077 200.000000 22.471910
90 0.000031 0.019126 300.000000 23.809525
90 0.000038 0.016169 400.000000 24.539877
90 0.000037 0.015885 500.000000 24.875622
90 0.000034 0.015658 600.000000 25.210085
90 0.000035 0.015222 700.000000 25.362318
90 0.000036 0.015073 800.000000 25.477707
100 0.000041 0.022058 100.000000 21.739130
100 0.000044 0.021095 200.000000 23.255814
100 0.000048 0.018700 300.000000 24.390244
100 0.000045 0.016554 400.000000 24.844721
100 0.000042 0.016760 500.000000 25.252525
100 0.000038 0.016514 600.000000 25.423729
100 0.000040 0.016371 700.000000 25.547445
100 0.000039 0.016325 800.000000 25.723473
110 0.000058 0.022999 100.000000 22.222221
110 0.000045 0.020850 200.000000 23.809525
110 0.000064 0.017844 300.000000 24.793388
110 0.000048 0.016410 400.000000 25.157232
110 0.000044 0.016871 500.000000 25.510204
110 0.000043 0.016656 600.000000 25.641026
110 0.000043 0.016686 700.000000 25.830257
110 0.000041 0.016763 800.000000 25.889967
120 0.000045 0.023158 100.000000 22.727272
120 0.000043 0.020994 200.000000 24.096386
120 0.000056 0.016936 300.000000 25.210085
120 0.000045 0.015713 400.000000 25.477707
120 0.000041 0.016034 500.000000 25.773195
120 0.000039 0.015669 600.000000 25.862068
120 0.000042 0.015566 700.000000 25.925926
120 0.000037 0.015604 800.000000 25.974026
130 0.000050 0.021064 100.000000 23.255814
130 0.000043 0.020079 200.000000 24.691359
130 0.000056 0.015958 300.000000 25.423729
130 0.000048 0.015480 400.000000 25.641026
130 0.000041 0.015670 500.000000 25.906736
130 0.000042 0.015359 600.000000 25.974026
130 0.000042 0.015355 700.000000 26.119404
130 0.000037 0.015496 800.000000 26.143791
140 0.000055 0.019852 100.000000 23.809525
140 0.000061 0.017962 200.000000 25.000000
140 0.000055 0.015188 300.000000 25.641026
140 0.000050 0.015276 400.000000 25.974026
140 0.000044 0.015620 500.000000 26.041666
140 0.000048 0.015448 600.000000 26.086956
140 0.000045 0.015585 700.000000 26.217228
140 0.000040 0.015793 800.000000 26.229507
150 0.000045 0.020633 100.000000 23.809525
150 0.000069 0.016570 200.000000 25.641026
150 0.000050 0.014253 300.000000 25.862068
150 0.000047 0.015160 400.000000 26.143791
150 0.000041 0.014844 500.000000 26.178011
150 0.000042 0.014845 600.000000 26.200872
150 0.000040 0.014612 700.000000 26.315790
150 0.000038 0.014626 800.000000 26.315790
160 0.000039 0.019149 100.000000 25.000000
160 0.000074 0.014715 200.000000 25.974026
160 0.000053 0.013728 300.000000 26.086956
160 0.000047 0.014542 400.000000 26.315790
160 0.000044 0.014386 500.000000 26.315790
160 0.000046 0.014401 600.000000 26.315790
160 0.000041 0.014389 700.000000 26.415094
160 0.000040 0.014336 800.000000 26.402639
170 0.000036 0.019964 100.000000 25.641026
170 0.000063 0.013863 200.000000 26.315790
170 0.000050 0.013646 300.000000 26.315790
170 0.000043 0.014238 400.000000 26.315790
170 0.000042 0.013834 500.000000 26.455027
170 0.000043 0.013757 600.000000 26.431719
170 0.000037 0.013829 700.000000 26.415094
170 0.000038 0.013509 800.000000 26.490067
180 0.000067 0.017326 100.000000 25.641026
180 0.000063 0.013093 200.000000 26.315790
180 0.000055 0.013638 300.000000 26.548672
180 0.000044 0.014038 400.000000 26.490067
180 0.000047 0.013739 500.000000 26.455027
180 0.000046 0.013641 600.000000 26.548672
180 0.000040 0.013719 700.000000 26.515152
180 0.000037 0.013477 800.000000 26.490067
190 0.000109 0.013706 100.000000 26.315790
190 0.000062 0.011490 200.000000 26.315790
190 0.000055 0.013457 300.000000 26.548672
190 0.000045 0.013266 400.000000 26.490067
190 0.000045 0.013350 500.000000 26.455027
190 0.000043 0.013062 600.000000 26.548672
190 0.000040 0.013069 700.000000 26.515152
190 0.000037 0.013035 800.000000 26.490067
200 0.000129 0.011536 100.000000 26.315790
200 0.000074 0.011995 200.000000 26.315790
200 0.000060 0.013602 300.000000 26.548672
200 0.000052 0.013676 400.000000 26.490067
200 0.000053 0.013670 500.000000 26.455027
200 0.000046 0.013846 600.000000 26.431719
200 0.000044 0.013743 700.000000 26.515152
200 0.000037 0.014018 800.000000 26.402639
210 0.000109 0.009356 100.000000 25.641026
210 0.000065 0.010981 200.000000 26.315790
210 0.000050 0.012358 300.000000 26.315790
210 0.000048 0.011963 400.000000 26.490067
210 0.000047 0.011969 500.000000 26.455027
210 0.000039 0.012004 600.000000 26.431719
210 0.000038 0.011680 700.000000 26.415094
210 0.000033 0.011851 800.000000 26.402639
220 0.000051 0.010765 100.000000 25.641026
220 0.000044 0.013491 200.000000 26.315790
220 0.000036 0.013229 300.000000 26.315790
220 0.000040 0.012577 400.000000 26.315790
220 0.000037 0.011722 500.000000 26.455027
220 0.000033 0.011257 600.000000 26.431719
220 0.000033 0.010402 700.000000 26.415094
220 0.000026 0.010727 800.000000 26.315790
230 0.000020 0.013366 100.000000 25.641026
230 0.000024 0.015800 200.000000 26.315790
230 0.000027 0.014715 300.000000 26.315790
230 0.000032 0.014021 400.000000 26.315790
230 0.000030 0.012519 500.000000 26.455027
230 0.000029 0.011534 600.000000 26.431719
230 0.000025 0.010346 700.000000 26.415094
230 0.000020 0.010611 800.000000 26.315790
240 0.000017 0.015176 100.000000 25.641026
240 0.000025 0.016039 200.000000 25.974026
240 0.000028 0.014524 300.000000 26.315790
240 0.000037 0.013449 400.000000 26.315790
240 0.000027 0.012319 500.000000 26.315790
240 0.000030 0.010877 600.000000 26.431719
240 0.000024 0.010367 700.000000 26.315790
240 0.000021 0.010838 800.000000 26.229507
250 0.000028 0.017617 100.000000 25.641026
250 0.000030 0.016926 200.000000 25.974026
250 0.000030 0.014979 300.000000 26.315790
250 0.000033 0.013773 400.000000 26.315790
250 0.000028 0.012786 500.000000 26.315790
250 0.000026 0.011250 600.000000 26.315790
250 0.000023 0.010847 700.000000 26.315790
250 0.000020 0.011580 800.000000 26.229507
260 0.000039 0.018966 100.000000 25.641026
260 0.000029 0.016209 200.000000 25.974026
260 0.000038 0.014689 300.000000 26.315790
260 0.000034 0.013090 400.000000 26.315790
260 0.000030 0.012151 500.000000 26.315790
260 0.000029 0.010635 600.000000 26.315790
260 0.000024 0.010785 700.000000 26.315790
260 0.000023 0.011552 800.000000 26.143791
270 0.000036 0.018296 100.000000 25.641026
270 0.000035 0.015733 200.000000 25.974026
270 0.000040 0.014344 300.000000 26.315790
270 0.000034 0.012646 400.000000 26.315790
270 0.000034 0.011383 500.000000 26.315790
270 0.000027 0.010300 600.000000 26.315790
270 0.000022 0.010792 700.000000 26.217228
270 0.000025 0.011411 800.000000 26.143791
280 0.000030 0.018181 100.000000 25.641026
280 0.000035 0.015274 200.000000 25.974026
280 0.000041 0.013999 300.000000 26.315790
280 0.000028 0.012655 400.000000 26.315790
280 0.000031 0.010990 500.000000 26.315790
280 0.000025 0.010472 600.000000 26.315790
280 0.000020 0.011150 700.000000 26.217228
280 0.000022 0.011581 800.000000 26.058632
290 0.000020 0.017557 100.000000 25.641026
290 0.000033 0.015231 200.000000 25.974026
290 0.000037 0.013686 300.000000 26.315790
290 0.000029 0.012595 400.000000 26.315790
290 0.000027 0.010874 500.000000 26.315790
290 0.000021 0.010761 600.000000 26.200872
290 0.000020 0.011435 700.000000 26.119404
290 0.000019 0.011797 800.000000 26.058632
300 0.000026 0.015470 100.000000 25.641026
300 0.000035 0.014743 200.000000 25.974026
300 0.000033 0.012544 300.000000 26.315790
300 0.000029 0.011694 400.000000 26.315790
300 0.000026 0.010239 500.000000 26.315790
300 0.000021 0.010602 600.000000 26.200872
300 0.000022 0.011373 700.000000 26.119404
300 0.000019 0.011400 800.000000 26.058632
310 0.000035 0.015331 100.000000 25.641026
310 0.000044 0.014278 200.000000 25.974026
310 0.000033 0.012575 300.000000 26.086956
310 0.000033 0.011297 400.000000 26.315790
310 0.000024 0.010274 500.000000 26.178011
310 0.000020 0.010810 600.000000 26.200872
310 0.000024 0.011561 700.000000 26.022305
310 0.000020 0.011596 800.000000 26.058632
320 0.000034 0.014299 100.000000 25.641026
320 0.000039 0.013357 200.000000 25.974026
320 0.000025 0.012315 300.000000 26.086956
320 0.000031 0.010514 400.000000 26.315790
320 0.000023 0.010170 500.000000 26.178011
320 0.000020 0.011208 600.000000 26.086956
320 0.000021 0.011558 700.000000 26.022305
320 0.000022 0.011665 800.000000 26.058632
330 0.000060 0.014244 100.000000 25.641026
330 0.000047 0.012688 200.000000 25.974026
330 0.000034 0.011938 300.000000 26.086956
330 0.000029 0.010305 400.000000 26.143791
330 0.000022 0.010594 500.000000 26.178011
330 0.000021 0.011423 600.000000 26.086956
330 0.000019 0.011703 700.000000 26.022305
330 0.000017 0.011917 800.000000 26.058632
340 0.000047 0.015168 100.000000 25.641026
340 0.000041 0.012283 200.000000 25.974026
340 0.000033 0.011346 300.000000 26.086956
340 0.000027 0.010003 400.000000 26.143791
340 0.000022 0.010547 500.000000 26.178011
340 0.000023 0.011616 600.000000 25.974026
340 0.000020 0.011624 700.000000 26.022305
340 0.000020 0.011928 800.000000 26.058632
350 0.000054 0.015161 100.000000 25.641026
350 0.000032 0.013163 200.000000 25.974026
350 0.000033 0.011665 300.000000 26.086956
350 0.000021 0.011102 400.000000 26.143791
350 0.000018 0.011875 500.000000 26.041666
350 0.000022 0.012591 600.000000 25.974026
350 0.000019 0.012584 700.000000 25.925926
350 0.000016 0.012436 800.000000 26.143791
360 0.000046 0.014739 100.000000 25.641026
360 0.000023 0.013556 200.000000 25.974026
360 0.000027 0.011594 300.000000 26.086956
360 0.000019 0.011353 400.000000 26.143791
360 0.000017 0.012623 500.000000 26.041666
360 0.000018 0.012934 600.000000 25.862068
360 0.000019 0.013064 700.000000 26.022305
360 0.000013 0.012699 800.000000 26.143791
370 0.000025 0.014480 100.000000 25.641026
370 0.000020 0.014231 200.000000 25.974026
370 0.000022 0.012506 300.000000 26.086956
370 0.000013 0.013044 400.000000 25.974026
370 0.000015 0.014037 500.000000 25.906736
370 0.000012 0.014094 600.000000 25.862068
370 0.000012 0.014048 700.000000 26.022305
370 0.000010 0.013682 800.000000 26.143791
380 0.000029 0.013442 100.000000 25.641026
380 0.000026 0.013311 200.000000 25.974026
380 0.000018 0.012001 300.000000 26.086956
380 0.000012 0.012977 400.000000 25.974026
380 0.000018 0.014000 500.000000 25.906736
380 0.000015 0.013862 600.000000 25.862068
380 0.000014 0.014022 700.000000 26.022305
380 0.000010 0.013473 800.000000 26.143791
390 0.000017 0.016159 100.000000 25.641026
390 0.000018 0.014881 200.000000 25.974026
390 0.000008 0.014652 300.000000 26.086956
390 0.000008 0.015663 400.000000 25.974026
390 0.000015 0.016236 500.000000 25.773195
390 0.000014 0.016075 600.000000 25.862068
390 0.000010 0.015709 700.000000 26.022305
390 0.000009 0.015438 800.000000 26.143791
400 0.000014 0.015830 100.000000 25.641026
400 0.000016 0.013635 200.000000 25.974026
400 0.000012 0.013761 300.000000 25.862068
400 0.000010 0.015149 400.000000 25.806452
400 0.000013 0.015274 500.000000 25.773195
400 0.000013 0.015373 600.000000 25.862068
400 0.000010 0.014852 700.000000 26.119404
400 0.000009 0.014849 800.000000 26.229507
410 0.000011 0.016134 100.000000 25.641026
410 0.000016 0.013875 200.000000 25.974026
410 0.000010 0.014889 300.000000 25.862068
410 0.000016 0.016096 400.000000 25.806452
410 0.000012 0.015887 500.000000 25.773195
410 0.000010 0.015928 600.000000 25.974026
410 0.000010 0.015403 700.000000 26.119404
410 0.000008 0.015587 800.000000 26.229507
420 0.000036 0.014427 100.000000 25.641026
420 0.000015 0.013201 200.000000 25.641026
420 0.000014 0.014380 300.000000 25.862068
420 0.000020 0.015594 400.000000 25.641026
420 0.000016 0.015442 500.000000 25.773195
420 0.000014 0.015490 600.000000 25.974026
420 0.000010 0.014810 700.000000 26.119404
420 0.000010 0.015333 800.000000 26.143791
430 0.000052 0.011991 100.000000 25.641026
430 0.000020 0.012753 200.000000 25.641026
430 0.000015 0.014628 300.000000 25.641026
430 0.000023 0.015293 400.000000 25.641026
430 0.000020 0.015236 500.000000 25.773195
430 0.000014 0.014777 600.000000 25.974026
430 0.000010 0.014627 700.000000 26.119404
430 0.000013 0.015000 800.000000 26.143791
440 0.000029 0.012256 100.000000 25.641026
440 0.000016 0.013810 200.000000 25.641026
440 0.000015 0.015839 300.000000 25.641026
440 0.000017 0.016131 400.000000 25.641026
440 0.000015 0.016252 500.000000 25.773195
440 0.000012 0.015720 600.000000 26.086956
440 0.000011 0.015810 700.000000 26.119404
440 0.000012 0.015873 800.000000 26.143791
450 0.000020 0.012862 100.000000 25.000000
450 0.000009 0.015206 200.000000 25.641026
450 0.000019 0.017073 300.000000 25.641026
450 0.000016 0.016734 400.000000 25.641026
450 0.000013 0.016952 500.000000 25.773195
450 0.000011 0.016141 600.000000 26.086956
450 0.000009 0.016550 700.000000 26.119404
450 0.000012 0.016414 800.000000 26.058632
460 0.000021 0.016106 100.000000 25.000000
460 0.000017 0.018671 200.000000 25.316456
460 0.000020 0.019687 300.000000 25.423729
460 0.000014 0.019181 400.000000 25.641026
460 0.000012 0.018868 500.000000 25.906736
460 0.000012 0.018141 600.000000 26.086956
460 0.000010 0.018671 700.000000 26.119404
460 0.000010 0.018248 800.000000 25.974026
470 0.000012 0.017754 100.000000 25.000000
470 0.000007 0.020394 200.000000 25.316456
470 0.000018 0.020159 300.000000 25.423729
470 0.000013 0.019711 400.000000 25.641026
470 0.000010 0.018899 500.000000 25.906736
470 0.000011 0.018663 600.000000 26.086956
470 0.000010 0.018857 700.000000 26.119404
470 0.000012 0.018354 800.000000 25.889967
480 0.000018 0.018944 100.000000 25.000000
480 0.000014 0.020540 200.000000 25.316456
480 0.000014 0.020118 300.000000 25.423729
480 0.000011 0.019669 400.000000 25.641026
480 0.000012 0.018738 500.000000 26.041666
480 0.000009 0.018746 600.000000 26.086956
480 0.000010 0.018548 700.000000 26.119404
480 0.000012 0.017734 800.000000 25.806452
490 0.000023 0.020546 100.000000 25.000000
490 0.000023 0.021713 200.000000 25.316456
490 0.000015 0.020436 300.000000 25.423729
490 0.000013 0.019985 400.000000 25.806452
490 0.000012 0.018714 500.000000 26.041666
490 0.000009 0.019008 600.000000 26.200872
490 0.000011 0.018713 700.000000 26.022305
490 0.000012 0.017623 800.000000 25.723473
500 0.000000 0.021098 100.000000 25.000000
500 0.000030 0.021576 200.000000 25.000000
500 0.000018 0.020052 300.000000 25.423729
500 0.000013 0.019188 400.000000 25.806452
500 0.000010 0.018130 500.000000 26.041666
500 0.000010 0.018434 600.000000 26.200872
500 0.000013 0.017891 700.000000 25.925926
500 0.000016 0.016751 800.000000 25.559105
510 0.000022 0.023478 100.000000 25.000000
510 0.000027 0.021718 200.000000 25.000000
510 0.000022 0.020633 300.000000 25.423729
510 0.000012 0.019140 400.000000 25.974026
510 0.000012 0.018714 500.000000 26.178011
510 0.000012 0.018891 600.000000 26.086956
510 0.000015 0.018203 700.000000 25.830257
510 0.000017 0.016661 800.000000 25.396826
520 0.000036 0.022386 100.000000 24.390244
520 0.000020 0.020452 200.000000 25.000000
520 0.000017 0.019526 300.000000 25.641026
520 0.000013 0.018429 400.000000 25.974026
520 0.000010 0.018292 500.000000 26.178011
520 0.000013 0.018130 600.000000 26.086956
520 0.000013 0.017135 700.000000 25.735294
520 0.000019 0.015657 800.000000 25.236593
530 0.000038 0.023333 100.000000 24.390244
530 0.000019 0.020321 200.000000 25.000000
530 0.000018 0.019870 300.000000 25.641026
530 0.000010 0.018236 400.000000 25.974026
530 0.000009 0.018622 500.000000 26.178011
530 0.000013 0.018159 600.000000 26.086956
530 0.000014 0.016938 700.000000 25.641026
530 0.000020 0.015422 800.000000 25.078369
540 0.000050 0.022838 100.000000 24.390244
540 0.000023 0.020146 200.000000 25.316456
540 0.000015 0.019148 300.000000 25.862068
540 0.000015 0.018075 400.000000 26.143791
540 0.000013 0.018672 500.000000 26.178011
540 0.000015 0.017980 600.000000 25.974026
540 0.000018 0.016837 700.000000 25.454546
540 0.000021 0.014944 800.000000 24.844721
550 0.000024 0.020435 100.000000 24.390244
550 0.000023 0.019932 200.000000 25.316456
550 0.000010 0.018254 300.000000 26.086956
550 0.000013 0.018141 400.000000 26.315790
550 0.000016 0.018532 500.000000 26.178011
550 0.000017 0.017755 600.000000 25.862068
550 0.000019 0.016160 700.000000 25.362318
550 0.000021 0.014302 800.000000 24.464832
560 0.000015 0.020629 100.000000 24.390244
560 0.000012 0.019549 200.000000 25.641026
560 0.000014 0.018384 300.000000 26.086956
560 0.000013 0.018665 400.000000 26.315790
560 0.000017 0.018591 500.000000 26.178011
560 0.000016 0.017468 600.000000 25.751074
560 0.000022 0.015910 700.000000 25.179855
560 0.000020 0.013795 800.000000 24.024025
570 0.000021 0.019305 100.000000 25.000000
570 0.000015 0.020013 200.000000 25.974026
570 0.000020 0.018551 300.000000 26.315790
570 0.000016 0.019726 400.000000 26.315790
570 0.000016 0.019208 500.000000 26.178011
570 0.000017 0.017947 600.000000 25.641026
570 0.000022 0.016220 700.000000 25.000000
570 0.000017 0.013922 800.000000 23.598820
580 0.000022 0.020837 100.000000 25.000000
580 0.000016 0.019944 200.000000 25.974026
580 0.000028 0.019335 300.000000 26.315790
580 0.000019 0.020270 400.000000 26.490067
580 0.000019 0.019694 500.000000 26.041666
580 0.000021 0.018346 600.000000 25.531916
580 0.000022 0.016183 700.000000 24.734982
580 0.000018 0.013856 800.000000 23.054754
590 0.000024 0.020862 100.000000 25.641026
590 0.000018 0.018868 200.000000 26.315790
590 0.000022 0.019128 300.000000 26.548672
590 0.000020 0.019718 400.000000 26.315790
590 0.000019 0.018771 500.000000 26.041666
590 0.000022 0.017002 600.000000 25.316456
590 0.000022 0.014797 700.000000 24.305555
590 0.000019 0.012572 800.000000 22.662889
600 0.000005 0.019819 100.000000 25.641026
600 0.000020 0.018177 200.000000 26.315790
600 0.000016 0.018883 300.000000 26.548672
600 0.000018 0.018900 400.000000 26.315790
600 0.000017 0.017600 500.000000 25.773195
600 0.000024 0.015832 600.000000 25.104603
600 0.000021 0.013457 700.000000 23.809525
600 0.000018 0.011563 800.000000 22.222221
610 0.000018 0.021380 100.000000 25.641026
610 0.000024 0.018127 200.000000 26.666666
610 0.000018 0.019808 300.000000 26.548672
610 0.000020 0.019111 400.000000 26.143791
610 0.000019 0.017553 500.000000 25.641026
610 0.000027 0.015718 600.000000 24.793388
610 0.000020 0.013128 700.000000 23.178808
610 0.000020 0.011586 800.000000 21.798365
620 0.000030 0.019538 100.000000 26.315790
620 0.000039 0.019129 200.000000 26.666666
620 0.000018 0.020638 300.000000 26.548672
620 0.000018 0.019886 400.000000 25.974026
620 0.000021 0.018184 500.000000 25.380711
620 0.000022 0.015726 600.000000 24.390244
620 0.000018 0.013132 700.000000 22.653721
620 0.000019 0.011527 800.000000 21.505377
630 0.000049 0.018187 100.000000 26.315790
630 0.000034 0.019381 200.000000 26.666666
630 0.000026 0.020365 300.000000 26.315790
630 0.000023 0.019053 400.000000 25.806452
630 0.000025 0.016939 500.000000 25.000000
630 0.000023 0.014370 600.000000 23.904383
630 0.000021 0.011903 700.000000 22.082020
630 0.000021 0.010793 800.000000 21.164021
640 0.000043 0.016012 100.000000 26.315790
640 0.000019 0.018190 200.000000 26.666666
640 0.000024 0.018515 300.000000 26.086956
640 0.000020 0.016793 400.000000 25.477707
640 0.000029 0.014766 500.000000 24.752476
640 0.000025 0.012094 600.000000 23.166023
640 0.000021 0.010337 700.000000 21.538462
640 0.000023 0.010134 800.000000 20.725389
650 0.000055 0.016613 100.000000 26.315790
650 0.000023 0.020378 200.000000 26.315790
650 0.000022 0.019499 300.000000 25.862068
650 0.000024 0.017615 400.000000 25.157232
650 0.000030 0.015260 500.000000 24.271845
650 0.000021 0.012501 600.000000 22.471910
650 0.000022 0.010644 700.000000 21.084337
650 0.000024 0.010165 800.000000 20.304569
660 0.000048 0.018607 100.000000 26.315790
660 0.000022 0.020466 200.000000 25.974026
660 0.000026 0.018960 300.000000 25.641026
660 0.000027 0.016552 400.000000 24.844721
660 0.000029 0.013923 500.000000 23.809525
660 0.000024 0.011362 600.000000 21.818182
660 0.000024 0.010539 700.000000 20.771513
660 0.000022 0.010519 800.000000 19.851116
670 0.000021 0.019537 100.000000 25.641026
670 0.000033 0.018991 200.000000 25.974026
670 0.000030 0.017177 300.000000 25.210085
670 0.000035 0.014822 400.000000 24.390244
670 0.000030 0.012423 500.000000 23.041475
670 0.000027 0.010457 600.000000 21.201414
670 0.000029 0.010327 700.000000 20.348837
670 0.000021 0.010397 800.000000 19.417477
680 0.000037 0.019672 100.000000 25.641026
680 0.000040 0.017980 200.000000 25.641026
680 0.000036 0.015646 300.000000 24.793388
680 0.000044 0.013385 400.000000 23.952095
680 0.000032 0.011215 500.000000 22.222221
680 0.000030 0.010529 600.000000 20.689655
680 0.000033 0.010574 700.000000 19.886364
680 0.000018 0.010011 800.000000 19.093079
690 0.000046 0.020781 100.000000 25.641026
690 0.000043 0.017878 200.000000 25.316456
690 0.000042 0.015524 300.000000 24.390244
690 0.000046 0.013240 400.000000 23.529411
690 0.000032 0.011100 500.000000 21.459227
690 0.000031 0.011084 600.000000 20.202021
690 0.000034 0.010584 700.000000 19.444445
700 0.000055 0.020111 100.000000 25.000000
700 0.000047 0.017594 200.000000 24.691359
700 0.000043 0.014435 300.000000 24.000000
700 0.000042 0.012376 400.000000 22.857143
700 0.000031 0.010481 500.000000 20.833334
700 0.000032 0.010768 600.000000 19.867550
700 0.000029 0.010172 700.000000 18.970190
710 0.000055 0.018474 100.000000 25.000000
710 0.000035 0.015681 200.000000 24.390244
710 0.000045 0.013053 300.000000 23.622047
710 0.000033 0.010743 400.000000 21.978022
710 0.000030 0.009268 500.000000 20.161291
710 0.000034 0.009658 600.000000 19.417477
710 0.000021 0.009349 700.000000 18.567638
720 0.000046 0.017130 100.000000 24.390244
720 0.000039 0.014431 200.000000 23.809525
720 0.000049 0.012239 300.000000 23.076923
720 0.000031 0.009897 400.000000 21.164021
720 0.000030 0.009409 500.000000 19.607843
720 0.000036 0.009372 600.000000 18.987341
730 0.000049 0.017168 100.000000 23.809525
730 0.000043 0.014845 200.000000 23.529411
730 0.000045 0.012030 300.000000 22.556391
730 0.000028 0.009630 400.000000 20.304569
730 0.000033 0.009362 500.000000 19.230770
730 0.000035 0.009002 600.000000 18.518518
740 0.000032 0.017022 100.000000 23.809525
740 0.000037 0.013744 200.000000 22.988506
740 0.000034 0.011083 300.000000 21.739130
740 0.000027 0.008497 400.000000 19.704433
740 0.000031 0.008560 500.000000 18.867924
740 0.000029 0.008367 600.000000 18.072289
750 0.000010 0.015335 100.000000 23.255814
750 0.000043 0.012821 200.000000 22.471910
750 0.000029 0.009787 300.000000 20.833334
750 0.000028 0.007631 400.000000 19.047619
750 0.000034 0.007705 500.000000 18.518518
750 0.000026 0.007855 600.000000 17.751480
760 0.000034 0.013822 100.000000 22.727272
760 0.000055 0.011518 200.000000 21.978022
760 0.000025 0.008596 300.000000 20.000000
760 0.000033 0.007797 400.000000 18.604650
760 0.000037 0.007691 500.000000 18.050541
770 0.000041 0.014568 100.000000 22.222221
770 0.000048 0.010845 200.000000 21.505377
770 0.000024 0.007738 300.000000 19.230770
770 0.000034 0.007490 400.000000 18.181818
770 0.000038 0.007393 500.000000 17.605635
780 0.000033 0.012072 100.000000 21.739130
780 0.000036 0.009830 200.000000 20.833334
780 0.000032 0.006796 300.000000 18.518518
780 0.000038 0.006817 400.000000 17.857143
780 0.000035 0.006741 500.000000 17.241379
790 0.000064 0.010918 100.000000 21.276596
790 0.000034 0.008173 200.000000 19.801981
790 0.000037 0.006427 300.000000 17.964071
790 0.000041 0.006976 400.000000 17.543859
790 0.000032 0.006755 500.000000 16.891891
800 0.000076 0.010483 100.000000 20.833334
800 0.000028 0.007709 200.000000 18.867924
800 0.000041 0.006928 300.000000 17.441860
800 0.000044 0.007097 400.000000 17.167381
800 0.000036 0.006529 500.000000 16.666666
810 0.000059 0.010532 100.000000 20.408163
810 0.000021 0.006834 200.000000 18.018019
810 0.000045 0.006212 300.000000 17.142857
810 0.000046 0.006210 400.000000 16.806723
820 0.000051 0.009292 100.000000 19.607843
820 0.000037 0.005903 200.000000 17.241379
820 0.000047 0.006578 300.000000 16.853933
820 0.000046 0.006363 400.000000 16.393442
830 0.000030 0.008599 100.000000 18.518518
830 0.000051 0.005690 200.000000 16.666666
830 0.000049 0.005979 300.000000 16.574585
830 0.000044 0.005636 400.000000 16.129032
840 0.000007 0.007730 100.000000 17.241379
840 0.000062 0.005424 200.000000 16.129032
840 0.000050 0.005906 300.000000 16.304348
840 0.000049 0.004747 400.000000 15.873015
850 0.000039 0.008109 100.000000 16.393442
850 0.000075 0.005542 200.000000 15.873015
850 0.000057 0.006422 300.000000 15.957447
860 0.000079 0.008238 100.000000 15.625000
860 0.000078 0.005797 200.000000 15.625000
860 0.000058 0.006656 300.000000 15.625000
870 0.000104 0.007652 100.000000 14.925373
870 0.000079 0.006834 200.000000 15.503876
870 0.000059 0.006709 300.000000 15.384615
880 0.000131 0.008760 100.000000 14.705882
880 0.000078 0.008184 200.000000 15.503876
880 0.000059 0.006256 300.000000 15.306123
890 0.000125 0.007919 100.000000 14.705882
890 0.000078 0.008871 200.000000 15.625000
890 0.000060 0.005748 300.000000 15.306123
900 0.000137 0.009121 100.000000 14.925373
900 0.000080 0.010428 200.000000 15.625000
900 0.000070 0.005840 300.000000 15.306123
910 0.000132 0.011835 100.000000 14.925373
910 0.000085 0.010766 200.000000 15.503876
920 0.000109 0.014321 100.000000 15.384615
920 0.000087 0.011392 200.000000 15.503876
930 0.000077 0.016522 100.000000 15.625000
930 0.000080 0.011866 200.000000 15.503876
940 0.000070 0.017497 100.000000 15.873015
940 0.000081 0.011580 200.000000 15.384615
950 0.000064 0.017174 100.000000 16.129032
950 0.000080 0.011365 200.000000 15.384615
960 0.000073 0.015880 100.000000 16.129032
960 0.000071 0.011398 200.000000 15.384615
970 0.000090 0.013465 100.000000 15.873015
970 0.000067 0.011812 200.000000 15.384615
980 0.000115 0.013123 100.000000 15.625000
990 0.000119 0.012389 100.000000 15.151515
1000 0.000131 0.012896 100.000000 14.705882
1010 0.000130 0.015322 100.000000 14.492754
1020 0.000141 0.018457 100.000000 14.492754
1030 0.000150 0.022336 100.000000 14.705882
