0 0.000063 0.011121 100.000000 6.289308
0 0.000053 0.005320 200.000000 6.666667
0 0.000016 0.005100 300.000000 7.194244
0 0.000021 0.004806 400.000000 7.312614
0 0.000019 0.005195 500.000000 7.587254
10 0.000045 0.010573 100.000000 6.211180
10 0.000041 0.005163 200.000000 6.666667
10 0.000013 0.005665 300.000000 7.194244
10 0.000020 0.005163 400.000000 7.299270
10 0.000020 0.005770 500.000000 7.575758
20 0.000046 0.010810 100.000000 6.134969
20 0.000035 0.005472 200.000000 6.666667
20 0.000012 0.006102 300.000000 7.194244
20 0.000018 0.005672 400.000000 7.299270
20 0.000021 0.006453 500.000000 7.552870
30 0.000049 0.011724 100.000000 5.952381
30 0.000035 0.005775 200.000000 6.688963
30 0.000016 0.006152 300.000000 7.211538
30 0.000022 0.005617 400.000000 7.312614
30 0.000021 0.006351 500.000000 7.541478
40 0.000051 0.012089 100.000000 5.847953
40 0.000036 0.005620 200.000000 6.734007
40 0.000018 0.006088 300.000000 7.246377
40 0.000028 0.005643 400.000000 7.326007
40 0.000022 0.006256 500.000000 7.518797
50 0.000035 0.010467 100.000000 5.847953
50 0.000037 0.004787 200.000000 6.779661
50 0.000017 0.005398 300.000000 7.281553
50 0.000027 0.004990 400.000000 7.366483
50 0.000021 0.005685 500.000000 7.485030
60 0.000067 0.008731 100.000000 5.988024
60 0.000045 0.003993 200.000000 6.896552
60 0.000020 0.004870 300.000000 7.352941
60 0.000025 0.004445 400.000000 7.434944
60 0.000022 0.005390 500.000000 7.429420
70 0.000070 0.007797 100.000000 6.211180
70 0.000044 0.003222 200.000000 7.042253
70 0.000022 0.004569 300.000000 7.481297
70 0.000025 0.004125 400.000000 7.518797
70 0.000023 0.005194 500.000000 7.418397
80 0.000093 0.006831 100.000000 6.451613
80 0.000051 0.002907 200.000000 7.220217
80 0.000029 0.004872 300.000000 7.614213
80 0.000025 0.004334 400.000000 7.619048
80 0.000023 0.005398 500.000000 7.440476
90 0.000095 0.006802 100.000000 6.711410
90 0.000050 0.003480 200.000000 7.380074
90 0.000029 0.005253 300.000000 7.751938
90 0.000025 0.004835 400.000000 7.722008
90 0.000025 0.005905 500.000000 7.440476
100 0.000080 0.006963 100.000000 6.896552
100 0.000033 0.002847 200.000000 7.518797
100 0.000020 0.004566 300.000000 7.832898
100 0.000016 0.004534 400.000000 7.797271
100 0.000016 0.005499 500.000000 7.342144
110 0.000071 0.007480 100.000000 6.896552
110 0.000019 0.004119 200.000000 7.547170
110 0.000017 0.005147 300.000000 7.894737
110 0.000014 0.005395 400.000000 7.858546
120 0.000079 0.006149 100.000000 6.849315
120 0.000014 0.004767 200.000000 7.575758
120 0.000016 0.005423 300.000000 7.894737
120 0.000014 0.005920 400.000000 7.905138
130 0.000104 0.004834 100.000000 6.849315
130 0.000022 0.004525 200.000000 7.575758
130 0.000020 0.005299 300.000000 7.812500
130 0.000017 0.005588 400.000000 7.920792
140 0.000109 0.005499 100.000000 6.896552
140 0.000023 0.004683 200.000000 7.633588
140 0.000021 0.005437 300.000000 7.751938
140 0.000016 0.005720 400.000000 7.936508
150 0.000106 0.005189 100.000000 6.993007
150 0.000014 0.004981 200.000000 7.662835
150 0.000020 0.005780 300.000000 7.712082
150 0.000016 0.006183 400.000000 7.968128
160 0.000096 0.003888 100.000000 7.042253
160 0.000016 0.004761 200.000000 7.722008
160 0.000022 0.005484 300.000000 7.712082
160 0.000016 0.006121 400.000000 7.984032
170 0.000078 0.003899 100.000000 7.142857
170 0.000011 0.005093 200.000000 7.782101
170 0.000023 0.005753 300.000000 7.731959
170 0.000022 0.006706 400.000000 8.000000
180 0.000095 0.003018 100.000000 7.246377
180 0.000017 0.004350 200.000000 7.843137
180 0.000020 0.005041 300.000000 7.772021
180 0.000019 0.006210 400.000000 8.000000
190 0.000098 0.002705 100.000000 7.407407
190 0.000019 0.003309 200.000000 7.936508
190 0.000021 0.003765 300.000000 7.832898
190 0.000019 0.005241 400.000000 8.032128
200 0.000090 0.004969 100.000000 7.575758
200 0.000021 0.003789 200.000000 8.064516
200 0.000020 0.004491 300.000000 7.915567
200 0.000019 0.005807 400.000000 8.064516
210 0.000060 0.006958 100.000000 7.812500
210 0.000019 0.005094 200.000000 8.163265
210 0.000029 0.005573 300.000000 7.978724
210 0.000021 0.006825 400.000000 8.080808
220 0.000043 0.006674 100.000000 8.000000
220 0.000020 0.004926 200.000000 8.264462
220 0.000035 0.005471 300.000000 8.021390
220 0.000024 0.006610 400.000000 8.016032
230 0.000022 0.008679 100.000000 8.064516
230 0.000021 0.006630 200.000000 8.298756
230 0.000030 0.007578 300.000000 8.064516
230 0.000022 0.008045 400.000000 7.782101
240 0.000011 0.009785 100.000000 8.130081
240 0.000023 0.007678 200.000000 8.368201
240 0.000027 0.008515 300.000000 8.108109
240 0.000026 0.008705 400.000000 7.575758
250 0.000031 0.010745 100.000000 8.196721
250 0.000028 0.008570 200.000000 8.438819
250 0.000027 0.009412 300.000000 8.174387
260 0.000040 0.010277 100.000000 8.333333
260 0.000028 0.008537 200.000000 8.510638
260 0.000029 0.009435 300.000000 8.264462
270 0.000053 0.010324 100.000000 8.333333
270 0.000037 0.009159 200.000000 8.438819
270 0.000035 0.009875 300.000000 8.310249
280 0.000060 0.010017 100.000000 8.403361
280 0.000035 0.009828 200.000000 8.230453
280 0.000040 0.010328 300.000000 8.333333
290 0.000075 0.011073 100.000000 8.403361
290 0.000045 0.010654 200.000000 8.130081
290 0.000042 0.011160 300.000000 8.333333
300 0.000071 0.013718 100.000000 8.403361
300 0.000052 0.012681 200.000000 8.064516
300 0.000041 0.013161 300.000000 8.310249
310 0.000065 0.013326 100.000000 8.403361
310 0.000048 0.012298 200.000000 8.000000
310 0.000046 0.013055 300.000000 8.287292
320 0.000066 0.013024 100.000000 8.474576
320 0.000044 0.011915 200.000000 8.000000
320 0.000043 0.012977 300.000000 8.241758
330 0.000061 0.011729 100.000000 8.474576
330 0.000054 0.010738 200.000000 8.032128
330 0.000043 0.011793 300.000000 8.196721
340 0.000068 0.010804 100.000000 8.474576
340 0.000060 0.010053 200.000000 8.000000
340 0.000041 0.011051 300.000000 8.064516
350 0.000072 0.010361 100.000000 8.403361
350 0.000058 0.010326 200.000000 8.000000
350 0.000037 0.010963 300.000000 7.751938
360 0.000036 0.010504 100.000000 8.474576
360 0.000036 0.010128 200.000000 8.032128
360 0.000029 0.010248 300.000000 7.425743
370 0.000041 0.009383 100.000000 8.547009
370 0.000036 0.008836 200.000000 8.130081
380 0.000047 0.008119 100.000000 8.547009
380 0.000033 0.008178 200.000000 8.196721
390 0.000038 0.008063 100.000000 8.333333
390 0.000035 0.008154 200.000000 8.230453
400 0.000045 0.007810 100.000000 7.936508
400 0.000040 0.007797 200.000000 8.230453
410 0.000057 0.008126 100.000000 7.692307
410 0.000040 0.008044 200.000000 8.230453
420 0.000043 0.007695 100.000000 7.575758
420 0.000034 0.008637 200.000000 8.196721
430 0.000047 0.007932 100.000000 7.518797
430 0.000046 0.009519 200.000000 8.163265
440 0.000057 0.006770 100.000000 7.518797
440 0.000041 0.009273 200.000000 8.064516
450 0.000044 0.007141 100.000000 7.518797
450 0.000032 0.009364 200.000000 7.968128
460 0.000062 0.007170 100.000000 7.518797
460 0.000031 0.008837 200.000000 7.751938
470 0.000050 0.007939 100.000000 7.575758
470 0.000027 0.008603 200.000000 7.272727
480 0.000024 0.008512 100.000000 7.575758
480 0.000026 0.008593 200.000000 6.756757
490 0.000027 0.009101 100.000000 7.692307
500 0.000029 0.009007 100.000000 7.874016
510 0.000041 0.008950 100.000000 8.064516
520 0.000046 0.008773 100.000000 8.333333
530 0.000040 0.009039 100.000000 8.547009
540 0.000039 0.009395 100.000000 8.771930
550 0.000034 0.010969 100.000000 8.849558
560 0.000039 0.011485 100.000000 8.771930
570 0.000043 0.011705 100.000000 8.620689
580 0.000018 0.011028 100.000000 8.403361
590 0.000007 0.010907 100.000000 8.000000
600 0.000022 0.010496 100.000000 6.993007
610 0.000044 0.009113 100.000000 6.060606
